0 0.364388 0.553217 0.028292 0.024434
0 0.666367 0.598871 0.022291 0.021862
0 0.741384 0.589869 0.033436 0.027006
0 0.912345 0.630699 0.025720 0.022505
0 0.938494 0.648060 0.038580 0.030221
0 0.717729 0.613017 0.034294 0.021862
0 0.609276 0.636486 0.028292 0.021219
0 0.628137 0.624269 0.023148 0.031507
0 0.124528 0.537113 0.029150 0.021219
0 0.168681 0.534863 0.021433 0.014146
0 0.366298 0.708152 0.032579 0.022505
0 0.440886 0.703973 0.034294 0.027006
0 0.499186 0.699472 0.030864 0.028292
0 0.548911 0.701722 0.036008 0.028935