0 0.818418 0.322770 0.054870 0.050899
0 0.897113 0.353092 0.056314 0.044401
0 0.949095 0.455432 0.064977 0.049816
0 0.245502 0.352009 0.056314 0.053065
0 0.303260 0.445143 0.050538 0.044401
0 0.069342 0.157324 0.044762 0.054148
0 0.009763 0.236822 0.019526 0.050899
0 0.279435 0.581497 0.066421 0.066060
0 0.551618 0.707661 0.062089 0.067143
0 0.751012 0.598578 0.067865 0.069309
0 0.675928 0.666805 0.059202 0.075807
0 0.162542 0.795135 0.119847 0.113710
0 0.041923 0.668970 0.083846 0.084470
0 0.031816 0.615906 0.063632 0.030323
0 0.094676 0.903036 0.090968 0.083387
0 0.027484 0.844015 0.054968 0.080139