0 0.740372 0.318292 0.057364 0.049570
0 0.820806 0.359912 0.073575 0.041152
0 0.954126 0.411353 0.056117 0.052376
0 0.788270 0.534937 0.081057 0.072016
0 0.705965 0.600874 0.053623 0.069211
0 0.600761 0.644365 0.083552 0.062664
0 0.370342 0.750179 0.087293 0.087916
0 0.241274 0.708091 0.088540 0.078563
0 0.155851 0.588375 0.089787 0.074822
0 0.388027 0.337381 0.059858 0.044893
0 0.337522 0.253205 0.061105 0.056117
0 0.016311 0.188799 0.032621 0.057052
0 0.096844 0.121459 0.063599 0.045829
0 0.251323 0.843822 0.105820 0.083774
0 0.034539 0.904080 0.069077 0.086714