0 0.030227 0.143748 0.057255 0.045625
0 0.384494 0.179086 0.064412 0.050098
0 0.422665 0.261837 0.057255 0.045625
0 0.624251 0.319093 0.057255 0.054571
0 0.698097 0.356219 0.069184 0.057255
0 0.920233 0.376795 0.056063 0.048309
0 0.987850 0.374111 0.024300 0.055466
0 0.770697 0.493258 0.065605 0.075148
0 0.700320 0.559459 0.070376 0.062623
0 0.600883 0.600693 0.067991 0.062623
0 0.421418 0.620374 0.075148 0.076937
0 0.253772 0.657054 0.079919 0.084094
0 0.299099 0.772500 0.082305 0.072464
0 0.061240 0.832479 0.095426 0.101986