0 0.345893 0.565532 0.028138 0.024269
0 0.521342 0.621217 0.026028 0.023214
0 0.503404 0.632033 0.026731 0.023742
0 0.592583 0.613831 0.026028 0.022159
0 0.651865 0.610665 0.026028 0.022159
0 0.634375 0.635990 0.030952 0.025324
0 0.815227 0.647860 0.028138 0.026907
0 0.841095 0.671482 0.028842 0.027435
0 0.527961 0.717239 0.035173 0.030600
0 0.478367 0.715920 0.035876 0.031128
0 0.419309 0.720932 0.037987 0.027435
0 0.344614 0.724889 0.037987 0.029018
0 0.352960 0.195209 0.027435 0.025324
0 0.407126 0.187032 0.020400 0.018466
0 0.421195 0.196265 0.023214 0.018993
0 0.470437 0.164081 0.020400 0.015828
0 0.568058 0.183602 0.021104 0.024269
0 0.599714 0.180437 0.026731 0.022159
0 0.623983 0.169357 0.016180 0.014773
0 0.732923 0.177007 0.030952 0.024797
0 0.799048 0.179645 0.019697 0.022687
0 0.757544 0.166192 0.019697 0.023214
0 0.783220 0.153002 0.020400 0.017938
0 0.745585 0.154321 0.019697 0.017411
0 0.719205 0.158806 0.020400 0.017938
0 0.670315 0.158806 0.021104 0.017938
0 0.682977 0.149836 0.011255 0.011607
0 0.611928 0.153002 0.012662 0.011607
0 0.170540 0.166719 0.032359 0.025324
0 0.283797 0.193627 0.022511 0.017938
0 0.314398 0.189670 0.017586 0.015300
0 0.108732 0.182020 0.026028 0.022159
0 0.075670 0.188878 0.013366 0.014773