0 0.935019 0.150034 0.017528 0.026863
0 0.962073 0.144890 0.036580 0.031436
0 0.959024 0.174040 0.053346 0.032579
0 0.968931 0.199760 0.050297 0.037151
0 0.985990 0.241718 0.028020 0.036580
0 0.736532 0.356445 0.031245 0.029721
0 0.632508 0.352730 0.028959 0.026863
0 0.711002 0.398741 0.028959 0.027435
0 0.673279 0.396168 0.026673 0.026863
0 0.613075 0.389024 0.028197 0.033150
0 0.581934 0.433398 0.027435 0.030864
0 0.640614 0.441400 0.024387 0.030864
0 0.489237 0.327088 0.025911 0.022862
0 0.726348 0.531992 0.035818 0.030293
0 0.654331 0.540851 0.028959 0.033150
0 0.448813 0.511987 0.034294 0.033722
0 0.369175 0.517131 0.032007 0.028006
0 0.334120 0.525419 0.024387 0.027435
0 0.435199 0.638458 0.035056 0.033722
0 0.384521 0.591018 0.034294 0.033722
0 0.324698 0.584445 0.030483 0.037723
0 0.293071 0.575015 0.031245 0.031436
0 0.517170 0.957024 0.044582 0.043724