0 0.542716 0.509277 0.037596 0.036580
0 0.476161 0.529853 0.048773 0.033531
0 0.847224 0.679151 0.038612 0.036580
0 0.765936 0.652859 0.038612 0.040390
0 0.616568 0.676484 0.042676 0.038866
0 0.845838 0.732877 0.048773 0.034294
0 0.772679 0.772506 0.042676 0.044963
0 0.665988 0.714969 0.046741 0.039628
0 0.629408 0.724495 0.038612 0.041914
0 0.489971 0.673816 0.047757 0.047249
0 0.442722 0.680675 0.040644 0.050297
0 0.273263 0.624662 0.045725 0.038866
0 0.264626 0.597608 0.038612 0.033531
0 0.137890 0.589918 0.038612 0.042676
0 0.096230 0.582298 0.042676 0.045725
0 0.574043 0.982417 0.067215 0.035166