0 0.564510 0.494581 0.029721 0.024577
0 0.543934 0.434567 0.025149 0.022291
0 0.470012 0.502011 0.029721 0.021148
0 0.465059 0.529160 0.039628 0.026292
0 0.502020 0.526016 0.034294 0.034865
0 0.428583 0.387387 0.025149 0.021148
0 0.370665 0.378528 0.022100 0.021719
0 0.046539 0.370526 0.027435 0.019433
0 0.069754 0.442938 0.022511 0.020049
0 0.079603 0.431595 0.022511 0.022687
0 0.098948 0.441619 0.027435 0.017411
0 0.128845 0.423154 0.021104 0.018466
0 0.137990 0.442147 0.026731 0.018466
0 0.223460 0.365910 0.016180 0.015828
0 0.212908 0.375670 0.013366 0.015300
0 0.248432 0.368020 0.021104 0.021104
0 0.223108 0.411547 0.022511 0.017411
0 0.269184 0.410755 0.021807 0.017938
0 0.267074 0.440564 0.021807 0.019521
0 0.261095 0.456128 0.028138 0.017938
0 0.834651 0.543729 0.043365 0.035842
0 0.807216 0.385757 0.025665 0.030532
0 0.918283 0.474699 0.037170 0.030532
0 0.958108 0.388744 0.031860 0.025886
0 0.884814 0.881545 0.026550 0.021904
0 0.241101 0.899467 0.031860 0.035179
0 0.271191 0.899467 0.021240 0.027214