0 0.067260 0.443802 0.022511 0.015828
0 0.063743 0.463323 0.022511 0.016883
0 0.136199 0.437471 0.021104 0.017938
0 0.170061 0.503420 0.023214 0.018993
0 0.185537 0.491285 0.018993 0.021104
0 0.203827 0.505530 0.021807 0.015828
0 0.233020 0.488647 0.018290 0.015828
0 0.242517 0.506322 0.027435 0.015300
0 0.361050 0.521358 0.022511 0.017938
0 0.363160 0.504211 0.016883 0.020576
0 0.368436 0.478095 0.028842 0.016883
0 0.323766 0.474666 0.019697 0.019521
0 0.348036 0.433514 0.014773 0.020576
0 0.327284 0.435096 0.018290 0.014245
0 0.315325 0.421907 0.016883 0.015300
0 0.456016 0.427638 0.016883 0.018993
0 0.509479 0.435360 0.022511 0.021104
0 0.393153 0.566419 0.025324 0.023742
0 0.394911 0.602823 0.034469 0.030073
0 0.433602 0.594909 0.038690 0.032183
0 0.481788 0.563254 0.025324 0.022687
0 0.707438 0.501070 0.026028 0.026380