0 0.384296 0.529727 0.037283 0.034294
0 0.502125 0.583806 0.033766 0.033766
0 0.539760 0.594885 0.020400 0.016883
0 0.536594 0.621001 0.030952 0.034294
0 0.597987 0.628124 0.033766 0.029545
0 0.624558 0.642896 0.038690 0.023214
0 0.673449 0.643064 0.021104 0.027962
0 0.719173 0.655726 0.026731 0.025852
0 0.705808 0.666542 0.022511 0.030600
0 0.800423 0.681578 0.033063 0.030073
0 0.756457 0.534380 0.021104 0.015300
0 0.656566 0.515650 0.021104 0.017938
0 0.824308 0.717766 0.039394 0.027435
0 0.868626 0.735968 0.019697 0.017411
0 0.913647 0.729901 0.030952 0.039042
0 0.805603 0.132354 0.038690 0.036404
0 0.855548 0.142906 0.044318 0.025852
0 0.969860 0.187751 0.030952 0.026907
0 0.324470 0.306484 0.028138 0.020049
0 0.399036 0.250823 0.018290 0.020576
0 0.437517 0.294161 0.016082 0.023414