0 0.197856 0.062463 0.034294 0.029394
0 0.286039 0.470612 0.036253 0.031599
0 0.177903 0.444525 0.034294 0.032334
0 0.791847 0.535280 0.039193 0.028660
0 0.693376 0.549610 0.044092 0.029394
0 0.643405 0.613910 0.036253 0.036008
0 0.563684 0.689768 0.044092 0.036743
0 0.482849 0.674336 0.039193 0.036743
0 0.140626 0.607464 0.029394 0.033804
0 0.392928 0.731021 0.042132 0.034539
0 0.337079 0.764824 0.040172 0.038948
0 0.098137 0.653493 0.037233 0.029394
0 0.017169 0.659739 0.033314 0.033069
0 0.343581 0.915972 0.042132 0.036743
0 0.539277 0.891354 0.034294 0.034539