0 0.026686 0.391394 0.023484 0.033101
0 0.116930 0.461174 0.017445 0.027733
0 0.106195 0.483539 0.022813 0.029522
0 0.119614 0.487118 0.016103 0.031312
0 0.161549 0.461174 0.018116 0.033101
0 0.141756 0.517087 0.029522 0.041152
0 0.057886 0.547504 0.021471 0.037574
0 0.050841 0.585525 0.024826 0.042047
0 0.099821 0.669619 0.030193 0.042047
0 0.271251 0.515298 0.016103 0.039363
0 0.238039 0.441940 0.019458 0.030417
0 0.274941 0.379764 0.012748 0.022365
0 0.294399 0.383790 0.023484 0.023260
0 0.392695 0.551652 0.020129 0.035785
0 0.433288 0.506026 0.018116 0.041152
0 0.475650 0.528392 0.025497 0.033995
0 0.391872 0.734153 0.039587 0.051888
0 0.317059 0.741310 0.034890 0.057255
0 0.275460 0.759202 0.042941 0.059045
0 0.753184 0.838498 0.032206 0.050098
0 0.728358 0.721100 0.021471 0.042047
0 0.746810 0.717074 0.020800 0.032206
0 0.765261 0.711706 0.025497 0.035785
0 0.908267 0.627613 0.026167 0.037574
0 0.821378 0.501919 0.024155 0.034890
0 0.783804 0.481343 0.026838 0.038468
0 0.521489 0.401072 0.014090 0.025944