0 0.464034 0.518957 0.025179 0.037362
0 0.405960 0.458040 0.023554 0.032489
0 0.536930 0.456145 0.015838 0.027615
0 0.522716 0.471307 0.018275 0.021118
0 0.537742 0.481053 0.015838 0.026532
0 0.577947 0.483761 0.016650 0.026532
0 0.579774 0.457228 0.018681 0.025449
0 0.571652 0.545489 0.019493 0.026532
0 0.485963 0.381471 0.015432 0.027615
0 0.454896 0.383637 0.017463 0.029781
0 0.436271 0.627203 0.020305 0.035196
0 0.407031 0.634784 0.022742 0.038445
0 0.251879 0.600006 0.020712 0.032489
0 0.272646 0.542954 0.022742 0.034655
0 0.301480 0.518587 0.021118 0.024908
0 0.323816 0.519941 0.017869 0.025449
0 0.340263 0.526168 0.015026 0.019493
0 0.364223 0.522107 0.017463 0.011371
0 0.343309 0.567050 0.017869 0.037362
0 0.358538 0.546474 0.021524 0.035196
0 0.658190 0.531583 0.016244 0.032489
0 0.777586 0.545932 0.020305 0.036279
0 0.662048 0.449549 0.021524 0.030864
0 0.690882 0.374284 0.013402 0.024366
0 0.711796 0.372930 0.013808 0.012995
0 0.708751 0.387550 0.018275 0.021659
0 0.845258 0.525922 0.018681 0.036820
0 0.795104 0.750610 0.038580 0.048191
0 0.724035 0.743842 0.027209 0.047650
0 0.678754 0.762794 0.038174 0.056314
0 0.937020 0.538031 0.024773 0.037903