0 0.630034 0.651502 0.035949 0.029090
0 0.568069 0.627024 0.033111 0.031219
0 0.506104 0.713585 0.037841 0.035476
0 0.455491 0.713231 0.044463 0.031928
0 0.402987 0.705781 0.030273 0.028381
0 0.398730 0.618155 0.027435 0.026252
0 0.393054 0.643698 0.029327 0.020576
0 0.352847 0.606093 0.026489 0.021995
0 0.322574 0.565295 0.024597 0.021286
0 0.227025 0.612479 0.030273 0.033348
0 0.208105 0.622767 0.028381 0.024124
0 0.321155 0.724228 0.029327 0.028381
0 0.076306 0.547751 0.025543 0.022705
0 0.117931 0.543848 0.023651 0.020576