0 0.687177 0.467698 0.054870 0.038580
0 0.574436 0.583760 0.054012 0.048225
0 0.462982 0.583439 0.060871 0.042438
0 0.455695 0.538107 0.051440 0.035365
0 0.460410 0.453873 0.038580 0.039223
0 0.457410 0.414650 0.041152 0.030221
0 0.629306 0.376537 0.042010 0.036651
0 0.423116 0.339886 0.046296 0.031507
0 0.572722 0.312237 0.035151 0.027649
0 0.386757 0.463197 0.050583 0.047582
0 0.333174 0.441013 0.048011 0.035365
0 0.262560 0.454604 0.039438 0.033436
0 0.194402 0.457907 0.052298 0.032793
0 0.187114 0.488215 0.048011 0.039866
0 0.020829 0.373439 0.026578 0.031507
0 0.021687 0.407518 0.038580 0.034079
0 0.011323 0.253248 0.022645 0.027123