0 0.747288 0.697250 0.049383 0.045953
0 0.623831 0.689706 0.064015 0.044582
0 0.643493 0.607744 0.052126 0.048011
0 0.627946 0.465301 0.053955 0.036351
0 0.570333 0.432036 0.050297 0.054870
0 0.603255 0.402887 0.048468 0.043210
0 0.499460 0.472160 0.051212 0.044582
0 0.450077 0.507825 0.045725 0.043210
0 0.402523 0.498566 0.045725 0.041152
0 0.402066 0.546920 0.052126 0.044582
0 0.314732 0.496508 0.051212 0.039781
0 0.254375 0.490335 0.047554 0.039781
0 0.215176 0.524629 0.057613 0.037037
0 0.141186 0.443696 0.044810 0.035665
0 0.063121 0.409746 0.041152 0.029492
0 0.013333 0.448497 0.026666 0.039781
0 0.497942 0.382467 0.043896 0.052126
0 0.257513 0.316456 0.026550 0.032524
0 0.087594 0.286588 0.035400 0.028541