0 0.900551 0.787301 0.062027 0.056361
0 0.780077 0.736308 0.073955 0.056361
0 0.819440 0.645952 0.045327 0.052782
0 0.694953 0.422339 0.042941 0.039363
0 0.607877 0.395948 0.047713 0.034890
0 0.576864 0.350323 0.050098 0.034890
0 0.574478 0.413393 0.042941 0.033995
0 0.538693 0.463044 0.045327 0.047415
0 0.523187 0.522536 0.035785 0.037574
0 0.480842 0.500171 0.039363 0.037574
0 0.499927 0.556532 0.044134 0.046520
0 0.413447 0.494356 0.033399 0.047415
0 0.346216 0.487199 0.054870 0.043836
0 0.225578 0.417541 0.048906 0.046520
0 0.094368 0.445721 0.053677 0.038468
0 0.145659 0.382651 0.029820 0.028628
0 0.161763 0.259885 0.033399 0.025944
0 0.727755 0.327876 0.034592 0.038468