0 0.740246 0.351407 0.038787 0.034057
0 0.682538 0.433711 0.044463 0.034057
0 0.594085 0.382271 0.056762 0.040443
0 0.520767 0.441871 0.038787 0.036186
0 0.556717 0.463156 0.042571 0.044700
0 0.608748 0.576293 0.048247 0.037605
0 0.587463 0.626314 0.045409 0.039733
0 0.524552 0.559619 0.052032 0.042571
0 0.495698 0.513146 0.047301 0.043281
0 0.449815 0.553588 0.048247 0.041862
0 0.388323 0.554298 0.040679 0.036186
0 0.219156 0.451062 0.040679 0.031219
0 0.149150 0.409555 0.033111 0.033348
0 0.173274 0.488312 0.047301 0.041862
0 0.859833 0.826722 0.075682 0.052505
0 0.941664 0.769251 0.053924 0.039733
0 0.947341 0.901931 0.065276 0.055343