0 0.683469 0.317747 0.029856 0.030864
0 0.536208 0.342560 0.045187 0.033285
0 0.555977 0.380989 0.049221 0.042363
0 0.415282 0.428798 0.044380 0.029049
0 0.417703 0.476910 0.041152 0.041757
0 0.150030 0.370095 0.029856 0.027838
0 0.210951 0.426377 0.041959 0.037521
0 0.226686 0.462688 0.039538 0.048414
0 0.088301 0.516852 0.056483 0.036916
0 0.122595 0.252223 0.031469 0.022392
0 0.286800 0.264024 0.025821 0.026628
0 0.411871 0.526672 0.046801 0.042363
0 0.461092 0.566009 0.041959 0.045994
0 0.513468 0.556326 0.053256 0.052046
0 0.566944 0.548458 0.051642 0.049625
0 0.668101 0.603832 0.053256 0.045389
0 0.622107 0.636815 0.058097 0.049625
0 0.915534 0.887624 0.075772 0.064668