0 0.635150 0.525519 0.053814 0.045109
0 0.570784 0.582499 0.049594 0.043526
0 0.498504 0.529476 0.050649 0.046692
0 0.518552 0.408789 0.050649 0.044318
0 0.169813 0.313103 0.055925 0.061728
0 0.095950 0.323391 0.062256 0.049066
0 0.371354 0.153134 0.043263 0.037195
0 0.484259 0.172127 0.049594 0.049858
0 0.279025 0.131371 0.044318 0.034821
0 0.014269 0.078455 0.027435 0.027699
0 0.842888 0.796032 0.059711 0.054466
0 0.953434 0.753670 0.064553 0.054466
0 0.360577 0.804120 0.048414 0.038732
0 0.165306 0.905790 0.051642 0.043573
0 0.379943 0.853744 0.035504 0.031469
0 0.354929 0.858586 0.046801 0.048414