0 0.689675 0.621399 0.045725 0.037037
0 0.679615 0.670439 0.054870 0.048697
0 0.592738 0.651578 0.045725 0.028807
0 0.564389 0.691795 0.096936 0.071331
0 0.441389 0.676019 0.050297 0.041152
0 0.303758 0.581026 0.023777 0.021262
0 0.350397 0.558050 0.025606 0.019204
0 0.399780 0.559764 0.027435 0.026749
0 0.544727 0.575539 0.030178 0.024005
0 0.441846 0.609147 0.029264 0.026749
0 0.180758 0.585484 0.033836 0.030178
0 0.458510 0.569537 0.023918 0.023742
0 0.438814 0.532078 0.018290 0.017411
0 0.591112 0.524691 0.016180 0.013190
0 0.553189 0.543157 0.018993 0.016355
0 0.102849 0.556083 0.016180 0.012662
0 0.118676 0.550543 0.014069 0.015300
0 0.132394 0.543685 0.013366 0.014245
0 0.229119 0.545531 0.015476 0.012662
0 0.253037 0.542630 0.011255 0.013190
0 0.053607 0.548697 0.016180 0.012662
0 0.073303 0.557930 0.014773 0.016355
0 0.058370 0.930016 0.116740 0.139968