0 0.758025 0.654433 0.115226 0.099588
0 0.635117 0.606285 0.055967 0.046091
0 0.627984 0.660195 0.068038 0.048560
0 0.542387 0.638795 0.048285 0.038683
0 0.479835 0.676244 0.063649 0.059259
0 0.382716 0.668425 0.051578 0.051852
0 0.190722 0.663487 0.092181 0.069959
0 0.130365 0.558548 0.028532 0.021399
0 0.242300 0.570071 0.021948 0.018107
0 0.290036 0.548260 0.025240 0.025514
0 0.342162 0.549083 0.028532 0.030453
0 0.385766 0.597931 0.028842 0.023742
0 0.487064 0.560208 0.030249 0.025324
0 0.404408 0.554932 0.023918 0.020049
0 0.381897 0.516682 0.018290 0.014245
0 0.165936 0.530927 0.016883 0.013190
0 0.191612 0.530135 0.011959 0.009497
0 0.053415 0.537258 0.016180 0.017411
0 0.066077 0.531982 0.014773 0.012135
0 0.036884 0.545963 0.014069 0.012662
0 0.022814 0.544908 0.014069 0.012662
0 0.041048 0.943634 0.082096 0.112732