0 0.596136 0.554880 0.045725 0.038866
0 0.585086 0.600033 0.046487 0.041152
0 0.507354 0.586602 0.037342 0.034865
0 0.449436 0.621753 0.066301 0.053727
0 0.349985 0.616894 0.056394 0.048583
0 0.364464 0.589174 0.039628 0.028578
0 0.353033 0.543449 0.033531 0.026292
0 0.457057 0.511442 0.028197 0.021719
0 0.463153 0.476576 0.019052 0.011431
0 0.372085 0.506012 0.030483 0.025720
0 0.307689 0.496867 0.032769 0.030293
0 0.266537 0.493437 0.028197 0.023434
0 0.203492 0.584030 0.069349 0.068587
0 0.213399 0.516300 0.019052 0.020005
0 0.354765 0.464859 0.018290 0.016575
0 0.095658 0.503440 0.027435 0.022862
0 0.135667 0.480577 0.014480 0.013717
0 0.157006 0.479148 0.014480 0.013146
0 0.016402 0.486007 0.013717 0.016575