0 0.427278 0.548865 0.055925 0.056980
0 0.532797 0.558757 0.062256 0.068851
0 0.573422 0.518001 0.044318 0.044318
0 0.673137 0.474870 0.039042 0.038778
0 0.683689 0.535411 0.062256 0.052232
0 0.519080 0.433322 0.034821 0.028490
0 0.435192 0.427386 0.029545 0.018202
0 0.417254 0.390982 0.023214 0.022950
0 0.420947 0.475661 0.036932 0.027699
0 0.374135 0.423825 0.043263 0.033238
0 0.308714 0.422638 0.028490 0.022950
0 0.271782 0.443214 0.028490 0.026116
0 0.521522 0.400663 0.022862 0.013717
0 0.078996 0.469822 0.049535 0.036580
0 0.040892 0.471536 0.038866 0.035437
0 0.146059 0.418667 0.022100 0.021148
0 0.056134 0.417524 0.016004 0.014289
0 0.027175 0.404664 0.016004 0.012574
0 0.074424 0.413523 0.022100 0.017718
0 0.191022 0.408951 0.017528 0.017718