0 0.785394 0.492844 0.018993 0.015300
0 0.740373 0.498911 0.026028 0.018993
0 0.713290 0.490734 0.016883 0.014245
0 0.708014 0.506298 0.016180 0.013717
0 0.658868 0.503923 0.030952 0.026907
0 0.601760 0.497328 0.016883 0.016883
0 0.586284 0.477808 0.015476 0.012662
0 0.573014 0.531886 0.028842 0.023742
0 0.510183 0.502868 0.023918 0.020576
0 0.494706 0.527401 0.022511 0.017938
0 0.466568 0.525819 0.025324 0.022159
0 0.397821 0.552462 0.029545 0.031128
0 0.289233 0.524500 0.028138 0.022687
0 0.227297 0.538217 0.033063 0.024797
0 0.213228 0.563014 0.031656 0.025852
0 0.135975 0.534524 0.031656 0.022687
0 0.111706 0.547977 0.030952 0.026380
0 0.065661 0.545867 0.036580 0.025324
0 0.071992 0.525291 0.019697 0.021104
0 0.111738 0.488359 0.017586 0.016883
0 0.127214 0.485458 0.016180 0.016355
0 0.981573 0.514523 0.036854 0.030073
0 0.806978 0.491573 0.014069 0.011607