0 0.952977 0.515914 0.033766 0.025852
0 0.842886 0.505890 0.013366 0.014245
0 0.822486 0.506154 0.016180 0.013717
0 0.742835 0.511957 0.018290 0.018993
0 0.679524 0.520399 0.028138 0.025324
0 0.605213 0.547570 0.030952 0.021631
0 0.636165 0.513804 0.015476 0.016355
0 0.603806 0.493228 0.014069 0.012135
0 0.540943 0.518816 0.019697 0.017938
0 0.527225 0.543877 0.017586 0.017411
0 0.499791 0.540975 0.021807 0.024269
0 0.427878 0.570784 0.032359 0.025852
0 0.321400 0.543349 0.021104 0.017411
0 0.257929 0.558122 0.037283 0.024797
0 0.249136 0.583974 0.030952 0.025852
0 0.166735 0.558649 0.027435 0.016355
0 0.144577 0.567354 0.022511 0.024269
0 0.094375 0.564716 0.028138 0.017938
0 0.107741 0.544932 0.019697 0.017411
0 0.146783 0.510374 0.020400 0.014773