0 0.850670 0.435230 0.062027 0.061728
0 0.686303 0.435072 0.053463 0.054870
0 0.462891 0.448790 0.049945 0.044318
0 0.362041 0.430324 0.044318 0.035876
0 0.344806 0.468575 0.043614 0.052232
0 0.255435 0.400251 0.026028 0.014773
0 0.175081 0.451955 0.050649 0.034821
0 0.106462 0.472532 0.043614 0.039042
0 0.086765 0.415815 0.045021 0.037459
0 0.038930 0.430852 0.036580 0.036932
0 0.153466 0.244539 0.025324 0.025852
0 0.275867 0.195018 0.021104 0.020049
0 0.294509 0.164681 0.017586 0.016355
0 0.273405 0.159669 0.016180 0.017938
0 0.285908 0.130220 0.021104 0.015828
0 0.590249 0.240223 0.009848 0.011079
0 0.773723 0.119932 0.014069 0.016355
0 0.810047 0.339314 0.014069 0.012135
0 0.830448 0.349602 0.016883 0.012662
0 0.936670 0.362001 0.011255 0.012135
0 0.926821 0.379675 0.015476 0.013717
0 0.759398 0.432578 0.011255 0.011607
0 0.874414 0.109092 0.007738 0.013190
0 0.884262 0.113313 0.013366 0.012135
0 0.982394 0.145760 0.009848 0.012662