0 0.939698 0.448202 0.081112 0.066201
0 0.727903 0.444137 0.052759 0.056980
0 0.708558 0.392913 0.011255 0.014773
0 0.578770 0.441452 0.068235 0.059090
0 0.479934 0.392913 0.012662 0.009497
0 0.393792 0.456488 0.056277 0.046956
0 0.287890 0.389747 0.015476 0.018993
0 0.300904 0.435384 0.041504 0.037459
0 0.252014 0.472052 0.029545 0.025324
0 0.286131 0.470469 0.041504 0.047483
0 0.128589 0.457423 0.045021 0.032711
0 0.060353 0.475361 0.049242 0.034821
0 0.046636 0.420228 0.040097 0.040625
0 0.152442 0.251590 0.019697 0.019521
0 0.222436 0.171923 0.016180 0.014245
0 0.244947 0.176936 0.013366 0.022159
0 0.310017 0.190917 0.015476 0.017411
0 0.280823 0.140004 0.016180 0.016883
0 0.732315 0.123169 0.014773 0.014773
0 0.871120 0.124488 0.012662 0.013190
0 0.802181 0.349938 0.009848 0.013717
0 0.823989 0.360490 0.016883 0.010552
0 0.916493 0.367085 0.010552 0.012135
0 0.914383 0.390563 0.011959 0.015828
0 0.987191 0.403753 0.015476 0.014773
0 0.607643 0.244420 0.007035 0.012662