0 0.442683 0.070697 0.030249 0.018993
0 0.263045 0.060409 0.026028 0.018466
0 0.715113 0.106310 0.024621 0.020576
0 0.769279 0.113169 0.020400 0.021631
0 0.854749 0.108948 0.026731 0.019521
0 0.815355 0.721340 0.032359 0.027962
0 0.886404 0.721340 0.036580 0.027962
0 0.772444 0.680979 0.025324 0.022159
0 0.707023 0.707358 0.032359 0.027435
0 0.716871 0.655391 0.021104 0.027962
0 0.656726 0.608171 0.023214 0.021104
0 0.644415 0.570976 0.022511 0.020576
0 0.585325 0.575460 0.023918 0.020049
0 0.554372 0.580209 0.023918 0.024269
0 0.408437 0.619778 0.029545 0.029545
0 0.421803 0.669108 0.029545 0.022687
0 0.079635 0.675703 0.034469 0.027435
0 0.145056 0.681770 0.034469 0.027962
0 0.136263 0.619250 0.029545 0.023214
0 0.276508 0.535447 0.030374 0.029394
0 0.322070 0.497969 0.033314 0.024985
0 0.934013 0.581658 0.029098 0.023070
0 0.980569 0.523048 0.024109 0.020576