0 0.861016 0.708677 0.033766 0.025852
0 0.864182 0.680979 0.033063 0.029545
0 0.786098 0.713762 0.035876 0.025852
0 0.678213 0.696879 0.033063 0.026907
0 0.663728 0.607907 0.026731 0.020576
0 0.618291 0.571767 0.024621 0.018993
0 0.605981 0.565964 0.021104 0.023214
0 0.514084 0.589513 0.025324 0.027435
0 0.478911 0.586612 0.028138 0.025852
0 0.390947 0.662057 0.030249 0.023742
0 0.373712 0.610090 0.028138 0.031656
0 0.113784 0.673137 0.030249 0.031128
0 0.045197 0.661002 0.028138 0.029018
0 0.008881 0.612464 0.017762 0.025852
0 0.952497 0.512221 0.024621 0.018466
0 0.905014 0.508000 0.023918 0.019521
0 0.806530 0.662273 0.029545 0.031656
0 0.340074 0.480350 0.022511 0.021104
0 0.407861 0.059882 0.028138 0.020576
0 0.511270 0.126095 0.019697 0.018993
0 0.688541 0.101034 0.022511 0.021631
0 0.737080 0.105519 0.015476 0.023214
0 0.718086 0.107893 0.025324 0.024797