0 0.534384 0.607230 0.048789 0.042438
0 0.971160 0.654257 0.057679 0.055941
0 0.769419 0.484504 0.013695 0.016075
0 0.975703 0.475823 0.015407 0.012860
0 0.634724 0.385481 0.022255 0.021219
0 0.530921 0.515689 0.025678 0.037294
0 0.489408 0.500579 0.029958 0.031507
0 0.453886 0.488362 0.029102 0.034079
0 0.394320 0.477752 0.021399 0.023148
0 0.355063 0.453318 0.020543 0.028292
0 0.374750 0.417953 0.025678 0.028292
0 0.359771 0.546875 0.038518 0.030221
0 0.344792 0.520190 0.035950 0.032150
0 0.262893 0.531121 0.033382 0.025720
0 0.263749 0.490934 0.023111 0.023791
0 0.286004 0.476788 0.023111 0.026363
0 0.227371 0.481932 0.023967 0.022505
0 0.252194 0.511510 0.032526 0.030221
0 0.218501 0.461677 0.027390 0.023148
0 0.259586 0.456854 0.020543 0.023791
0 0.290400 0.374988 0.020543 0.019290
0 0.327634 0.369844 0.019687 0.029578
0 0.370003 0.335444 0.018831 0.022505
0 0.336621 0.326763 0.020543 0.023148
0 0.325922 0.311331 0.017975 0.015432
0 0.313083 0.308759 0.016263 0.012860