0 0.572547 0.624478 0.058292 0.042207
0 0.873713 0.613135 0.063911 0.051177
0 0.794351 0.472723 0.017558 0.013717
0 0.502986 0.499631 0.029497 0.030600
0 0.465061 0.488815 0.026688 0.025852
0 0.432499 0.476680 0.025283 0.026907
0 0.374175 0.453011 0.021772 0.022159
0 0.390680 0.552462 0.037925 0.031128
0 0.348541 0.528456 0.029497 0.033766
0 0.274446 0.535579 0.040032 0.031128
0 0.272691 0.497592 0.030902 0.022687
0 0.292355 0.477808 0.029497 0.027435
0 0.262858 0.472795 0.023879 0.026907
0 0.232946 0.484666 0.024581 0.028490
0 0.216090 0.479127 0.023176 0.021631
0 0.259283 0.519487 0.035116 0.026380
0 0.349179 0.416966 0.025283 0.018466
0 0.364630 0.387157 0.023879 0.023214
0 0.631861 0.376678 0.021772 0.019521
0 0.381134 0.321616 0.020367 0.020576
0 0.250153 0.354279 0.019665 0.018466
0 0.268062 0.347156 0.025986 0.021104
0 0.334079 0.298426 0.016153 0.015828
0 0.337942 0.310824 0.014046 0.021631
0 0.786371 0.315309 0.014749 0.012662
0 0.994526 0.470829 0.010948 0.011079
0 0.847695 0.566251 0.008428 0.010552