0 0.934695 0.642355 0.054020 0.056584
0 0.731931 0.556335 0.042607 0.045725
0 0.667259 0.655786 0.051737 0.052583
0 0.833607 0.548047 0.010652 0.010860
0 0.430879 0.588914 0.050976 0.041152
0 0.445335 0.475745 0.028151 0.026292
0 0.415282 0.466600 0.021304 0.025149
0 0.387131 0.456884 0.022825 0.026292
0 0.374957 0.537759 0.038042 0.036008
0 0.292406 0.557192 0.038803 0.040581
0 0.274526 0.531472 0.039564 0.036008
0 0.284798 0.505466 0.032716 0.035437
0 0.296591 0.483747 0.028912 0.026292
0 0.267679 0.474030 0.028912 0.028578
0 0.243539 0.495750 0.031955 0.033150
0 0.203145 0.479174 0.031955 0.032007
0 0.309663 0.371513 0.025869 0.019433
0 0.333249 0.395233 0.025869 0.021148
0 0.615902 0.362940 0.026629 0.021719
0 0.341999 0.347508 0.017499 0.025149
0 0.360259 0.290872 0.015978 0.018290
0 0.354173 0.280012 0.025108 0.008002
0 0.819496 0.460625 0.012173 0.012574
0 0.765857 0.300588 0.014456 0.017147