0 0.845026 0.732451 0.067231 0.079499
0 0.810166 0.568777 0.047311 0.057052
0 0.646446 0.528092 0.053536 0.044893
0 0.532527 0.624894 0.059761 0.053311
0 0.442264 0.572986 0.053536 0.050505
0 0.343285 0.584209 0.052291 0.046764
0 0.311538 0.560360 0.043575 0.045829
0 0.330213 0.528092 0.041085 0.035541
0 0.338305 0.498163 0.037350 0.035541
0 0.271075 0.524351 0.029880 0.057987
0 0.290372 0.493019 0.036105 0.040217
0 0.411221 0.462660 0.025779 0.026023
0 0.387054 0.446623 0.024168 0.024207
0 0.346371 0.406186 0.023362 0.024207
0 0.616649 0.360577 0.019334 0.024207
0 0.334690 0.355736 0.025779 0.019366
0 0.326634 0.336068 0.020946 0.023602
0 0.369733 0.324872 0.016918 0.020576
0 0.279104 0.279291 0.022557 0.017550