0 0.303701 0.921218 0.036520 0.041838
0 0.647450 0.666667 0.061172 0.061728
0 0.679861 0.528090 0.038346 0.044582
0 0.559801 0.499283 0.037433 0.036351
0 0.537432 0.606622 0.067563 0.050754
0 0.410067 0.628227 0.052042 0.047325
0 0.368068 0.591190 0.042911 0.047325
0 0.378112 0.549695 0.037433 0.035665
0 0.375829 0.522260 0.038346 0.031550
0 0.332005 0.503055 0.034694 0.032922
0 0.296397 0.536663 0.041998 0.045267
0 0.244065 0.521262 0.035607 0.034294
0 0.231739 0.447531 0.029216 0.032236
0 0.359561 0.425770 0.025564 0.034979
0 0.328518 0.388515 0.025564 0.023320
0 0.320301 0.357994 0.021912 0.026749
0 0.606530 0.351821 0.019173 0.019890
0 0.229581 0.312414 0.021912 0.019890
0 0.352838 0.316187 0.020086 0.017833