0 0.666913 0.669763 0.085214 0.054870
0 0.843740 0.763317 0.079888 0.074874
0 0.492162 0.689846 0.069237 0.058871
0 0.438903 0.636769 0.046411 0.048011
0 0.438142 0.589330 0.038803 0.046868
0 0.432436 0.542799 0.042607 0.041724
0 0.606288 0.510221 0.032716 0.038294
0 0.507378 0.478785 0.026629 0.030293
0 0.376133 0.518222 0.034999 0.030293
0 0.351406 0.563947 0.035760 0.056584
0 0.284452 0.527082 0.035760 0.037723
0 0.256301 0.470497 0.026629 0.021719
0 0.316373 0.373046 0.030434 0.023434
0 0.289743 0.350184 0.025869 0.023434
0 0.314090 0.324490 0.022825 0.026292
0 0.606253 0.352782 0.018260 0.022291