0 0.364666 0.679186 0.058934 0.049535
0 0.824546 0.490571 0.035564 0.032007
0 0.721412 0.459707 0.040644 0.031245
0 0.669082 0.444084 0.025403 0.024387
0 0.605068 0.344771 0.023370 0.025149
0 0.528352 0.338294 0.032515 0.024387
0 0.446324 0.404976 0.026419 0.017528
0 0.395519 0.393163 0.024387 0.025911
0 0.311829 0.384781 0.020322 0.024387
0 0.333306 0.450319 0.027435 0.024387
0 0.290260 0.455654 0.025403 0.024387
0 0.224120 0.408786 0.033531 0.026673
0 0.094244 0.383637 0.031499 0.026673
0 0.083298 0.515477 0.026603 0.040390