0 0.382908 0.619789 0.029394 0.021311
0 0.591742 0.618319 0.028415 0.027190
0 0.644162 0.612808 0.023516 0.019106
0 0.686784 0.612441 0.028415 0.021311
0 0.733325 0.615380 0.039193 0.025720
0 0.444680 0.219824 0.026455 0.019841
0 0.291874 0.583814 0.029394 0.022046
0 0.222797 0.621660 0.026455 0.025720
0 0.022870 0.635990 0.027435 0.029394
0 0.059613 0.588591 0.018617 0.021311
0 0.050795 0.576098 0.020576 0.022781
0 0.519280 0.484708 0.021556 0.019841
0 0.612853 0.470378 0.020576 0.020576
0 0.649239 0.493727 0.019596 0.019841
0 0.985940 0.552148 0.025475 0.022046
0 0.967323 0.483806 0.045072 0.035273
0 0.958995 0.568683 0.028415 0.019841
0 0.941848 0.593668 0.015677 0.019841
0 0.928620 0.587789 0.018617 0.022781
0 0.210638 0.931771 0.031354 0.025720