0 0.509159 0.521646 0.012662 0.012662
0 0.578098 0.655774 0.026731 0.024797
0 0.626988 0.647069 0.024621 0.023214
0 0.673065 0.646805 0.026731 0.024797
0 0.716967 0.649707 0.037283 0.024269
0 0.842214 0.602224 0.028138 0.020049
0 0.877036 0.583230 0.021807 0.023214
0 0.924519 0.624646 0.022511 0.023742
0 0.939292 0.519128 0.042207 0.034294
0 0.363799 0.652873 0.028138 0.022159
0 0.269504 0.619634 0.024621 0.017938
0 0.203123 0.651290 0.024621 0.020049
0 0.103712 0.620162 0.026731 0.022159
0 0.075925 0.610665 0.023214 0.017938
0 0.104831 0.977222 0.027435 0.022687