0 0.389955 0.652187 0.084799 0.068275
0 0.660562 0.442217 0.037411 0.033670
0 0.802724 0.466534 0.049882 0.035541
0 0.162767 0.459519 0.032423 0.030864
0 0.203296 0.451570 0.026188 0.031799
0 0.381169 0.420238 0.033670 0.027123
0 0.267937 0.399892 0.026731 0.021631
0 0.326676 0.389604 0.023214 0.020049
0 0.334766 0.369819 0.019697 0.022687
0 0.403449 0.337636 0.018290 0.014245
0 0.380586 0.374040 0.021807 0.020576
0 0.348579 0.341329 0.021104 0.018466
0 0.228640 0.379052 0.020400 0.024269
0 0.208591 0.374831 0.016883 0.018993
0 0.438014 0.327947 0.017586 0.015300
0 0.465449 0.321616 0.016180 0.017411
0 0.464394 0.357492 0.026731 0.022687