0 0.520767 0.664983 0.065276 0.060309
0 0.750524 0.462124 0.043517 0.036186
0 0.901888 0.482346 0.034057 0.029800
0 0.452868 0.439774 0.028381 0.024124
0 0.243409 0.472767 0.029327 0.023414
0 0.342742 0.421682 0.025543 0.024833
0 0.397139 0.425584 0.024597 0.028381
0 0.534313 0.376627 0.020813 0.025543
0 0.592967 0.373789 0.020813 0.022705
0 0.484173 0.357825 0.017029 0.017738
0 0.460050 0.364210 0.012298 0.014900
0 0.425047 0.364920 0.017975 0.017738
0 0.333755 0.392946 0.022705 0.017029
0 0.518784 0.339386 0.013366 0.012662