0 0.620657 0.488767 0.018993 0.017411
0 0.649147 0.504595 0.021104 0.019521
0 0.681506 0.533612 0.025324 0.022687
0 0.675175 0.493515 0.022511 0.015300
0 0.712810 0.481645 0.023214 0.018993
0 0.749486 0.477951 0.021104 0.014773
0 0.324150 0.543109 0.025324 0.018466
0 0.269984 0.547330 0.022511 0.019521
0 0.229183 0.527809 0.015476 0.022687
0 0.115095 0.508024 0.019697 0.015828
0 0.088012 0.514355 0.018993 0.022159
0 0.365334 0.481980 0.019697 0.022159
0 0.581871 0.526826 0.014069 0.018993
0 0.561471 0.534740 0.016883 0.014773
0 0.529464 0.536586 0.024621 0.017411
0 0.548457 0.501765 0.014773 0.014245
0 0.535091 0.511262 0.017586 0.026907
0 0.588554 0.440372 0.014773 0.014245
0 0.575540 0.440900 0.016883 0.016355
0 0.518560 0.449605 0.019697 0.017938
0 0.496049 0.460685 0.019697 0.018993
0 0.350018 0.461212 0.030249 0.020049
0 0.347204 0.435096 0.016180 0.017411
0 0.478047 0.413537 0.017586 0.015828