0 0.430429 0.416967 0.030374 0.033069
0 0.876779 0.365260 0.020576 0.018372
0 0.909603 0.375548 0.029394 0.022781
0 0.926750 0.395022 0.024495 0.020576
0 0.864532 0.401268 0.019596 0.034539
0 0.837097 0.410454 0.025475 0.026455
0 0.690614 0.487982 0.026455 0.028660
0 0.661220 0.474754 0.024495 0.025720
0 0.635745 0.465936 0.026455 0.031599
0 0.601941 0.460057 0.023516 0.024250
0 0.363801 0.548341 0.024495 0.020576
0 0.352043 0.573326 0.030374 0.022046
0 0.384377 0.540625 0.024495 0.031599
0 0.312851 0.548708 0.032334 0.024250
0 0.278557 0.565977 0.028415 0.024985
0 0.262390 0.529969 0.033314 0.024985
0 0.301093 0.458320 0.020576 0.027190
0 0.073642 0.643806 0.039193 0.029394
0 0.068609 0.488383 0.024495 0.019841
0 0.887958 0.821175 0.023516 0.024985