0 0.628480 0.905390 0.023856 0.027733
0 0.056644 0.609922 0.037987 0.024797
0 0.132266 0.628387 0.031656 0.022687
0 0.116790 0.607547 0.027435 0.020049
0 0.136135 0.602799 0.039394 0.029545
0 0.053479 0.641313 0.038690 0.027435
0 0.107997 0.562702 0.029545 0.023214
0 0.176232 0.595149 0.035173 0.037459
0 0.065885 0.512653 0.023214 0.029018
0 0.204115 0.562510 0.026731 0.028490
0 0.193723 0.470325 0.037283 0.034821
0 0.396414 0.497496 0.022511 0.020576
0 0.430116 0.522293 0.023918 0.020576
0 0.443482 0.477184 0.021104 0.017938
0 0.456848 0.535747 0.023918 0.023214