0 0.491221 0.529272 0.040097 0.040097
0 0.532725 0.521886 0.041504 0.041152
0 0.601312 0.539824 0.061904 0.037987
0 0.624175 0.609562 0.038690 0.034821
0 0.711851 0.658100 0.049945 0.037987
0 0.869809 0.463826 0.026028 0.019521
0 0.897948 0.439557 0.026028 0.020576
0 0.447351 0.874078 0.034469 0.029545
0 0.301384 0.902568 0.042207 0.034821
0 0.064127 0.620354 0.032359 0.024269
0 0.013422 0.615869 0.026843 0.031128
0 0.124624 0.257106 0.037987 0.029018
0 0.072568 0.252094 0.037987 0.031656
0 0.211501 0.385479 0.031656 0.024269
0 0.261446 0.336676 0.048539 0.030073