0 0.053127 0.631145 0.040801 0.029545
0 0.168142 0.618483 0.033063 0.032711
0 0.153370 0.588674 0.034469 0.024797
0 0.219495 0.271758 0.040097 0.030600
0 0.161108 0.267538 0.033063 0.035876
0 0.015660 0.185329 0.031320 0.029545
0 0.038354 0.152355 0.028138 0.020576
0 0.086541 0.116478 0.042911 0.026907
0 0.359291 0.353967 0.034469 0.031656
0 0.305476 0.399604 0.028138 0.023742
0 0.599682 0.551407 0.045725 0.040625
0 0.643999 0.538481 0.040097 0.040097
0 0.704497 0.560903 0.056980 0.036404
0 0.743539 0.630690 0.047835 0.036404
0 0.835819 0.686614 0.033766 0.033238
0 0.445017 0.822374 0.035173 0.033766
0 0.397022 0.925254 0.044318 0.033766