0 0.361433 0.188854 0.035173 0.033238
0 0.453586 0.252957 0.050649 0.039042
0 0.243956 0.191229 0.022511 0.025324
0 0.641409 0.346557 0.037987 0.035349
0 0.584781 0.337060 0.034469 0.036404
0 0.711180 0.486345 0.030952 0.027435
0 0.777305 0.445193 0.039394 0.034821
0 0.204786 0.644719 0.024621 0.025324
0 0.297994 0.669516 0.029545 0.029545
0 0.335629 0.663976 0.027435 0.029018
0 0.384519 0.637069 0.028138 0.026907
0 0.475713 0.618219 0.026731 0.035349
0 0.630857 0.733043 0.037987 0.039569
0 0.682945 0.825539 0.035876 0.031656
0 0.607484 0.143002 0.030249 0.029018