0 0.047883 0.366965 0.045021 0.045373
0 0.091146 0.347972 0.051352 0.052759
0 0.124208 0.433969 0.048539 0.039042
0 0.445113 0.407590 0.049945 0.039042
0 0.451444 0.463323 0.042911 0.044318
0 0.575252 0.508144 0.044318 0.046956
0 0.291759 0.537426 0.041504 0.031656
0 0.533812 0.658580 0.048539 0.041152
0 0.766625 0.603447 0.037987 0.044845
0 0.691003 0.618483 0.047132 0.066477
0 0.583214 0.724841 0.046428 0.042735
0 0.727423 0.722994 0.040801 0.050649
0 0.909970 0.701963 0.048539 0.041680
0 0.838218 0.856428 0.052759 0.037987
0 0.780982 0.173218 0.066828 0.057508