0 0.814690 0.263749 0.073160 0.071331
0 0.762194 0.675202 0.051821 0.045725
0 0.621972 0.582609 0.051821 0.040390
0 0.569134 0.568130 0.039628 0.031245
0 0.544240 0.586801 0.050805 0.057918
0 0.411638 0.494208 0.041660 0.046487
0 0.315616 0.451532 0.048773 0.043439
0 0.309011 0.391328 0.049789 0.041914
0 0.292015 0.609663 0.043693 0.042676
0 0.531816 0.731492 0.035564 0.041914
0 0.590750 0.801222 0.057918 0.047249
0 0.736053 0.800079 0.039628 0.035818
0 0.119415 0.495282 0.056902 0.048773
0 0.081311 0.412596 0.039628 0.051059
0 0.037111 0.441555 0.040644 0.052583