0 0.609754 0.498264 0.045021 0.035349
0 0.514084 0.452627 0.040801 0.039042
0 0.517601 0.400875 0.040801 0.034821
0 0.342280 0.435432 0.045725 0.036404
0 0.339466 0.486873 0.051352 0.041152
0 0.348963 0.534092 0.050649 0.033238
0 0.294093 0.432794 0.043614 0.038514
0 0.265603 0.448622 0.048539 0.041680
0 0.499151 0.607164 0.047132 0.047483
0 0.546634 0.585269 0.043614 0.043790
0 0.108125 0.412458 0.039394 0.034294
0 0.147167 0.281471 0.035876 0.033238
0 0.180932 0.376438 0.044318 0.035349
0 0.938141 0.691962 0.049242 0.029545
0 0.801318 0.593302 0.040097 0.039042
0 0.730972 0.594885 0.033063 0.059090
0 0.753131 0.576156 0.030952 0.037459
0 0.611928 0.658172 0.043614 0.039569
0 0.753675 0.796714 0.044318 0.045373