0 0.521470 0.462891 0.030249 0.025324
0 0.633671 0.438622 0.028138 0.028490
0 0.480318 0.478719 0.030952 0.025324
0 0.435648 0.483467 0.028842 0.021104
0 0.415599 0.490853 0.023918 0.020049
0 0.336461 0.356533 0.017586 0.016355
0 0.653816 0.294013 0.014069 0.015828
0 0.632009 0.316436 0.015476 0.012135
0 0.601056 0.321712 0.015476 0.012135
0 0.757288 0.276339 0.012662 0.011079
0 0.609914 0.677214 0.017586 0.016355
0 0.662321 0.664552 0.012662 0.012135
0 0.672873 0.689612 0.023918 0.020049
0 0.692570 0.687502 0.018290 0.024269
0 0.122673 0.544836 0.027435 0.025852
0 0.084687 0.453538 0.023214 0.021104
0 0.112122 0.430324 0.024621 0.021104
0 0.129356 0.489415 0.030952 0.023214
0 0.133577 0.472004 0.023918 0.015828
0 0.190205 0.445097 0.020400 0.017938
0 0.196536 0.435864 0.020400 0.019521