0 0.481021 0.458814 0.022511 0.020049
0 0.456752 0.473059 0.033063 0.024269
0 0.412434 0.489942 0.041504 0.026380
0 0.364951 0.492316 0.028138 0.025852
0 0.340681 0.507880 0.031656 0.022159
0 0.024989 0.470421 0.029545 0.021104
0 0.117845 0.489151 0.025324 0.018466
0 0.144928 0.479390 0.026028 0.020049
0 0.128045 0.443322 0.024621 0.017938
0 0.142466 0.400923 0.021104 0.017938
0 0.607036 0.302982 0.011959 0.014773
0 0.565532 0.328043 0.017586 0.011079
0 0.538097 0.314062 0.013366 0.011607
0 0.532469 0.332000 0.010552 0.010552
0 0.413233 0.322767 0.011255 0.015300
0 0.404440 0.319338 0.011959 0.012662
0 0.846339 0.807409 0.030249 0.028490
0 0.733530 0.842758 0.034469 0.028490
0 0.617108 0.831415 0.029545 0.027962
0 0.705392 0.863862 0.035876 0.031656
0 0.588618 0.692922 0.021807 0.024269
0 0.553445 0.703210 0.020400 0.023742
0 0.508872 0.692394 0.021807 0.022159