0 0.521470 0.491261 0.024621 0.026907
0 0.597443 0.339914 0.013366 0.012662
0 0.555588 0.342552 0.012662 0.016883
0 0.629099 0.349147 0.014773 0.016355
0 0.581615 0.349938 0.015476 0.015828
0 0.478655 0.508456 0.030952 0.031656
0 0.454034 0.491837 0.026731 0.022687
0 0.418861 0.510039 0.029545 0.028490
0 0.395647 0.526922 0.025324 0.029545
0 0.269280 0.512413 0.025324 0.026907
0 0.204211 0.498432 0.034469 0.025324
0 0.205969 0.438550 0.021104 0.017411
0 0.233404 0.397661 0.016883 0.018993
0 0.198935 0.394496 0.019697 0.021104
0 0.124720 0.463874 0.024621 0.024797
0 0.088652 0.509775 0.030249 0.021631
0 0.061920 0.454905 0.026028 0.021631
0 0.530583 0.718750 0.018290 0.019521
0 0.499631 0.718222 0.022511 0.019521
0 0.715432 0.809352 0.024621 0.020576
0 0.685184 0.881464 0.037283 0.035876
0 0.797289 0.917412 0.040097 0.033238
0 0.833517 0.896836 0.046428 0.036404