0 0.736984 0.898347 0.037283 0.035876
0 0.860153 0.941346 0.033063 0.032183
0 0.891105 0.912065 0.051352 0.035876
0 0.633735 0.799951 0.026731 0.022687
0 0.534292 0.724361 0.028138 0.024797
0 0.286899 0.528528 0.035876 0.027962
0 0.257705 0.504259 0.033766 0.026907
0 0.428645 0.519296 0.029545 0.023214
0 0.450101 0.502676 0.035876 0.029018
0 0.519391 0.501621 0.032359 0.026907
0 0.564413 0.480517 0.035173 0.027962
0 0.234459 0.421955 0.023214 0.016355
0 0.194362 0.414041 0.018993 0.019521
0 0.182755 0.438574 0.025324 0.023214
0 0.168334 0.494762 0.030249 0.026907
0 0.081873 0.506633 0.021807 0.027435
0 0.149756 0.409556 0.018290 0.020049
0 0.560863 0.342408 0.014773 0.012662
0 0.580560 0.347156 0.013366 0.012662
0 0.610105 0.343727 0.017586 0.014245
0 0.626988 0.349530 0.017586 0.016355
0 0.658292 0.342144 0.016883 0.012135