0 0.588823 0.477686 0.040710 0.036506
0 0.541919 0.499258 0.040710 0.037170
0 0.466252 0.501913 0.027435 0.027877
0 0.438374 0.522821 0.035400 0.033851
0 0.374655 0.497267 0.028320 0.022567
0 0.310613 0.532445 0.044250 0.025222
0 0.271673 0.542733 0.028320 0.029869
0 0.211976 0.498926 0.031860 0.025886
0 0.157107 0.492952 0.030090 0.029869
0 0.200405 0.423777 0.021104 0.018466
0 0.090154 0.449629 0.016883 0.015300
0 0.033174 0.447255 0.022511 0.015828
0 0.058147 0.432219 0.020400 0.015300
0 0.515331 0.362672 0.014773 0.012135
0 0.528345 0.349482 0.015476 0.014245
0 0.607835 0.343151 0.015476 0.013190
0 0.622960 0.347108 0.017586 0.010552
0 0.649691 0.343415 0.014773 0.014773
0 0.521662 0.786833 0.016180 0.020049
0 0.477696 0.721412 0.028138 0.028490
0 0.440061 0.715872 0.024621 0.027962
0 0.777464 0.919451 0.042911 0.029545