0 0.330225 0.390875 0.018290 0.023742
0 0.274396 0.410923 0.032359 0.026907
0 0.180741 0.500686 0.023214 0.022159
0 0.143457 0.537354 0.030249 0.030073
0 0.093256 0.530759 0.031656 0.030600
0 0.153338 0.661170 0.040801 0.041152
0 0.102337 0.660643 0.040097 0.039042
0 0.124144 0.714985 0.042911 0.039042
0 0.488120 0.670691 0.050649 0.036404
0 0.633288 0.692322 0.054870 0.042735
0 0.543597 0.689684 0.038690 0.054342
0 0.769311 0.684144 0.050649 0.046428
0 0.805379 0.668317 0.037987 0.041152
0 0.876396 0.645894 0.055573 0.046956
0 0.972811 0.638771 0.054377 0.059090