0 0.260295 0.405623 0.035876 0.023214
0 0.223012 0.435696 0.042911 0.029545
0 0.122897 0.444665 0.039394 0.026380
0 0.069434 0.523348 0.026731 0.026907
0 0.084207 0.554213 0.042207 0.029545
0 0.061792 0.607068 0.031656 0.025324
0 0.072088 0.712203 0.042911 0.032711
0 0.012526 0.606157 0.025052 0.030600
0 0.014988 0.529943 0.029976 0.036932
0 0.358524 0.682154 0.037283 0.030073
0 0.484794 0.701675 0.047835 0.039569
0 0.403545 0.694552 0.037283 0.051704
0 0.103616 0.730908 0.045725 0.041152
0 0.169741 0.742252 0.034469 0.040625
0 0.602623 0.692106 0.058387 0.040097
0 0.698293 0.651482 0.058387 0.045373
0 0.772093 0.647788 0.052759 0.044318
0 0.840999 0.667573 0.074566 0.084942