0 0.343495 0.467280 0.037283 0.025852
0 0.251310 0.560975 0.039394 0.033766
0 0.195385 0.562558 0.045725 0.032711
0 0.246034 0.593159 0.038690 0.037987
0 0.196792 0.648820 0.049945 0.034294
0 0.262566 0.654359 0.049242 0.039042
0 0.276027 0.725153 0.038690 0.032711
0 0.324566 0.731220 0.051352 0.043790
0 0.385415 0.740981 0.039394 0.035876
0 0.498320 0.689540 0.040097 0.037459
0 0.613303 0.714073 0.045725 0.044318
0 0.715784 0.705896 0.050649 0.044845
0 0.810271 0.672921 0.047132 0.037987
0 0.870641 0.674768 0.072456 0.055397
0 0.939100 0.700620 0.070346 0.081777