0 0.309739 0.579012 0.050480 0.028807
0 0.362414 0.575309 0.037311 0.041152
0 0.353635 0.627572 0.043896 0.033745
0 0.325103 0.674074 0.054870 0.039506
0 0.400274 0.684774 0.049383 0.027984
0 0.464472 0.722484 0.048285 0.032922
0 0.416187 0.727011 0.052675 0.037037
0 0.670782 0.701908 0.035117 0.036214
0 0.337174 0.500262 0.028532 0.031276
0 0.404664 0.491208 0.040604 0.031276
0 0.765158 0.707669 0.046091 0.044444
0 0.859783 0.675982 0.047188 0.041975
0 0.913007 0.676805 0.050480 0.053498
0 0.976805 0.692443 0.046390 0.043621
0 0.542636 0.734830 0.034019 0.031276