0 0.121203 0.224231 0.033906 0.039783
0 0.233770 0.283906 0.042043 0.043400
0 0.132731 0.417722 0.040687 0.057866
0 0.084584 0.413201 0.047468 0.056058
0 0.366004 0.253165 0.032550 0.047016
0 0.434494 0.242315 0.031193 0.054250
0 0.446700 0.204340 0.023056 0.036166
0 0.522649 0.251356 0.025769 0.050633
0 0.661664 0.106691 0.018987 0.032550
0 0.682685 0.107595 0.023056 0.052441
0 0.537568 0.405967 0.031193 0.056058
0 0.579611 0.572333 0.028481 0.056058
0 0.625045 0.620253 0.037975 0.050633
0 0.709132 0.538879 0.032550 0.036166
0 0.667089 0.839060 0.037975 0.054250
0 0.932911 0.428571 0.035262 0.043400
0 0.987477 0.443942 0.025045 0.056058