0 0.018219 0.362568 0.036438 0.063291
0 0.321926 0.383363 0.042043 0.047016
0 0.528752 0.084991 0.029837 0.036166
0 0.847468 0.018083 0.027125 0.036166
0 0.911212 0.017179 0.018987 0.034358
0 0.939693 0.052441 0.010850 0.036166
0 0.747785 0.172694 0.017631 0.034358
0 0.822378 0.152803 0.023056 0.048825
0 0.810850 0.257685 0.024412 0.041591
0 0.801356 0.330018 0.032550 0.045208
0 0.951899 0.336347 0.024412 0.043400
0 0.674548 0.333635 0.020344 0.034358
0 0.418219 0.574141 0.042043 0.045208
0 0.375497 0.652803 0.032550 0.057866
0 0.620298 0.481013 0.033906 0.054250
0 0.746429 0.546112 0.028481 0.043400
0 0.753210 0.513562 0.025769 0.039783
0 0.767450 0.534358 0.024412 0.048825
0 0.856962 0.523508 0.035262 0.052441
0 0.678617 0.696203 0.031193 0.043400
0 0.718626 0.743219 0.032550 0.054250
0 0.630470 0.750452 0.037975 0.050633
0 0.612161 0.892405 0.036618 0.056058