0 0.611845 0.050077 0.013601 0.017620
0 0.559914 0.081606 0.018547 0.018547
0 0.646775 0.011128 0.012983 0.013910
0 0.657594 0.009042 0.012365 0.014374
0 0.668104 0.169472 0.019783 0.017156
0 0.527457 0.140724 0.020402 0.017156
0 0.314477 0.159967 0.016074 0.014837
0 0.301804 0.166922 0.012983 0.012055
0 0.537441 0.179649 0.017929 0.016692
0 0.569898 0.176404 0.017310 0.015765
0 0.777005 0.193096 0.021020 0.015765
0 0.737438 0.313187 0.021020 0.019474
0 0.263786 0.302857 0.029976 0.021016
0 0.848561 0.297480 0.021573 0.020938
0 0.824768 0.321750 0.024745 0.019035
0 0.889804 0.314136 0.027918 0.019035
0 0.887266 0.347209 0.022842 0.017607
0 0.868865 0.353871 0.025380 0.018559
0 0.416168 0.424077 0.025966 0.025734
0 0.655886 0.474153 0.034312 0.022952
0 0.910906 0.499887 0.026893 0.020170
0 0.735638 0.563178 0.032457 0.025734
0 0.171813 0.452940 0.036166 0.029211
0 0.075799 0.484245 0.027728 0.024412
0 0.016734 0.665399 0.033468 0.027125
0 0.173749 0.761980 0.046030 0.026303