0 0.256826 0.437613 0.033906 0.047016
0 0.294123 0.437613 0.035262 0.054250
0 0.446022 0.547920 0.037975 0.047016
0 0.416184 0.662749 0.037975 0.037975
0 0.410759 0.732369 0.040687 0.054250
0 0.335488 0.797468 0.058318 0.072333
0 0.304973 0.932188 0.054250 0.052441
0 0.552486 0.874322 0.050181 0.066908
0 0.752532 0.383363 0.037975 0.054250
0 0.703707 0.258590 0.037975 0.065099
0 0.564693 0.048825 0.025769 0.032550
0 0.599277 0.025316 0.027125 0.047016
0 0.913246 0.276673 0.042043 0.072333
0 0.870524 0.453888 0.040687 0.065099