0 0.079837 0.413201 0.054250 0.059675
0 0.135443 0.416817 0.051537 0.056058
0 0.119846 0.219711 0.031193 0.041591
0 0.233770 0.281193 0.033906 0.045208
0 0.380244 0.378843 0.033906 0.045208
0 0.393128 0.280289 0.040687 0.050633
0 0.434494 0.253165 0.033906 0.054250
0 0.551808 0.189873 0.027125 0.043400
0 0.573508 0.278481 0.032550 0.057866
0 0.514512 0.462025 0.031193 0.041591
0 0.576899 0.566908 0.039331 0.059675
0 0.625723 0.619349 0.033906 0.052441
0 0.521971 0.843580 0.032550 0.059675
0 0.753888 0.201627 0.024412 0.048825
0 0.728797 0.200723 0.020344 0.036166
0 0.942405 0.433996 0.040687 0.054250
0 0.985127 0.440325 0.028481 0.066908