0 0.024910 0.259494 0.039331 0.052441
0 0.179521 0.293852 0.039331 0.048825
0 0.209358 0.378843 0.039331 0.059675
0 0.495524 0.181736 0.031193 0.041591
0 0.302938 0.466546 0.039331 0.057866
0 0.528074 0.396022 0.036618 0.061483
0 0.669123 0.142857 0.020344 0.036166
0 0.752532 0.083183 0.027125 0.028933
0 0.928165 0.117541 0.039331 0.050633
0 0.928843 0.248644 0.032550 0.056058
0 0.890190 0.309222 0.028481 0.050633
0 0.849503 0.398734 0.028481 0.059675
0 0.818309 0.393309 0.036618 0.059675
0 0.923418 0.421338 0.032550 0.047016
0 0.852893 0.744123 0.054250 0.056058
0 0.937658 0.874322 0.063743 0.056058
0 0.371429 0.648282 0.040687 0.048825
0 0.290732 0.668174 0.028481 0.034358
0 0.309042 0.710669 0.046112 0.057866
0 0.220208 0.769439 0.055606 0.056058