0 0.960714 0.201627 0.023056 0.037975
0 0.890190 0.193490 0.023056 0.036166
0 0.839331 0.206148 0.021700 0.032550
0 0.876627 0.290235 0.025769 0.045208
0 0.786438 0.401447 0.021700 0.039783
0 0.758635 0.348101 0.020344 0.030741
0 0.602667 0.084991 0.020344 0.036166
0 0.280561 0.232369 0.027125 0.045208
0 0.051356 0.368897 0.046112 0.057866
0 0.379566 0.735081 0.027125 0.045208
0 0.245298 0.825497 0.043400 0.045208
0 0.262251 0.925859 0.044756 0.054250
0 0.572152 0.621157 0.032550 0.045208
0 0.525362 0.583183 0.033906 0.041591
0 0.698282 0.490958 0.029837 0.056058
0 0.794575 0.593128 0.040687 0.054250
0 0.944439 0.601266 0.033906 0.056058
0 0.816953 0.707052 0.031193 0.065099
0 0.878662 0.830922 0.032550 0.048825