0 0.641172 0.852129 0.047126 0.038632
0 0.384172 0.818839 0.037262 0.032879
0 0.120596 0.676229 0.049318 0.030413
0 0.162790 0.465241 0.037262 0.030413
0 0.252110 0.316877 0.029591 0.021371
0 0.636788 0.381401 0.023015 0.025481
0 0.667475 0.491544 0.033974 0.030413
0 0.721177 0.281255 0.023015 0.018905
0 0.727752 0.321120 0.029591 0.019727
0 0.815428 0.328929 0.027399 0.023837
0 0.858170 0.353588 0.023015 0.020549
0 0.876253 0.317011 0.026303 0.018083
0 0.877349 0.344546 0.024111 0.018905
0 0.765015 0.207278 0.018631 0.017261
0 0.290468 0.180154 0.014247 0.013973
0 0.301975 0.174811 0.017535 0.016439
0 0.483903 0.187962 0.019727 0.016439
0 0.480615 0.146864 0.021919 0.018083
0 0.511302 0.155906 0.017535 0.018083
0 0.560620 0.184264 0.017535 0.017261
0 0.541989 0.023837 0.015343 0.013151
0 0.544728 0.093704 0.023015 0.016439
0 0.573771 0.055893 0.017535 0.014795
0 0.639233 0.030834 0.011128 0.013446
0 0.641706 0.021793 0.011128 0.012055