0 0.719982 0.118445 0.027125 0.034358
0 0.945118 0.075949 0.021700 0.032550
0 0.918671 0.329114 0.031193 0.039783
0 0.849503 0.443942 0.028481 0.052441
0 0.809494 0.422242 0.032550 0.048825
0 0.961392 0.482821 0.037975 0.050633
0 0.232414 0.268535 0.033906 0.045208
0 0.285307 0.395118 0.042043 0.052441
0 0.080515 0.418626 0.042043 0.048825
0 0.016184 0.198915 0.032368 0.039783
0 0.183589 0.611212 0.033906 0.039783
0 0.137477 0.617541 0.042043 0.066908
0 0.305651 0.651899 0.042043 0.048825
0 0.173418 0.713382 0.046112 0.045208
0 0.074412 0.737794 0.059675 0.050633
0 0.009403 0.888788 0.018806 0.063291