0 0.075090 0.413201 0.047468 0.052441
0 0.136799 0.402351 0.051537 0.052441
0 0.124593 0.215190 0.024412 0.039783
0 0.226989 0.278481 0.036618 0.054250
0 0.399231 0.279385 0.039331 0.052441
0 0.437884 0.252260 0.035262 0.052441
0 0.665054 0.311935 0.031193 0.045208
0 0.800000 0.301989 0.032550 0.050633
0 0.618264 0.065099 0.024412 0.036166
0 0.576899 0.565099 0.042043 0.059675
0 0.616908 0.606691 0.037975 0.063291
0 0.944439 0.426763 0.036618 0.061483
0 0.981736 0.433092 0.029837 0.056058
0 0.088653 0.875226 0.042043 0.050633