0 0.041184 0.237794 0.036618 0.037975
0 0.172061 0.277577 0.029837 0.041591
0 0.201899 0.365280 0.032550 0.050633
0 0.300226 0.417722 0.036618 0.050633
0 0.495524 0.182640 0.033906 0.043400
0 0.746429 0.065099 0.014919 0.032550
0 0.762025 0.094937 0.027125 0.034358
0 0.815597 0.078662 0.028481 0.037975
0 0.924096 0.235986 0.031193 0.048825
0 0.887477 0.306510 0.028481 0.041591
0 0.834584 0.415009 0.028481 0.070524
0 0.811528 0.377034 0.025769 0.041591
0 0.914602 0.407776 0.033906 0.048825
0 0.490099 0.426763 0.042043 0.061483
0 0.356510 0.630199 0.040687 0.045208
0 0.327351 0.589512 0.033906 0.032550
0 0.308363 0.635624 0.036618 0.059675
0 0.182911 0.743219 0.048825 0.050633
0 0.619620 0.820072 0.043400 0.059675
0 0.680651 0.908680 0.056962 0.063291