0 0.263608 0.428571 0.036618 0.043400
0 0.305651 0.435805 0.036618 0.050633
0 0.360579 0.550633 0.035262 0.048825
0 0.421609 0.659132 0.037975 0.052441
0 0.462297 0.742315 0.048825 0.066908
0 0.347016 0.901447 0.048825 0.063291
0 0.163246 0.858047 0.058318 0.052441
0 0.208002 0.745027 0.055606 0.050633
0 0.572830 0.049729 0.028481 0.045208
0 0.607414 0.023508 0.035262 0.043400
0 0.715235 0.263110 0.039331 0.059675
0 0.762703 0.383363 0.039331 0.054250
0 0.941727 0.324593 0.039331 0.063291
0 0.872559 0.453888 0.039331 0.050633