0 0.078481 0.344485 0.035262 0.056058
0 0.281917 0.241410 0.024412 0.041591
0 0.605380 0.080470 0.017631 0.037975
0 0.835940 0.226040 0.017631 0.036166
0 0.896293 0.216998 0.021700 0.043400
0 0.953933 0.201627 0.031193 0.034358
0 0.882731 0.296564 0.021700 0.043400
0 0.840009 0.405967 0.039331 0.045208
0 0.755922 0.344485 0.023056 0.037975
0 0.694891 0.491863 0.025769 0.047016
0 0.820344 0.560579 0.032550 0.054250
0 0.940371 0.593128 0.036618 0.054250
0 0.823734 0.664557 0.033906 0.048825
0 0.904430 0.766727 0.037975 0.047016
0 0.566727 0.616637 0.029837 0.047016
0 0.529430 0.576854 0.031193 0.043400
0 0.412116 0.630199 0.029837 0.041591
0 0.304973 0.825497 0.035262 0.059675
0 0.341591 0.877939 0.035262 0.059675