0 0.076447 0.311031 0.033906 0.043400
0 0.028391 0.918626 0.056781 0.068716
0 0.159177 0.314647 0.042043 0.054250
0 0.252080 0.289331 0.029837 0.047016
0 0.275136 0.260398 0.027125 0.047016
0 0.345660 0.218807 0.032550 0.039783
0 0.234448 0.410488 0.051537 0.050633
0 0.320570 0.443038 0.033906 0.065099
0 0.381600 0.361664 0.036618 0.054250
0 0.407369 0.432188 0.033906 0.057866
0 0.258861 0.536166 0.046112 0.063291
0 0.612839 0.148282 0.021700 0.043400
0 0.633861 0.140145 0.014919 0.045208
0 0.663020 0.466546 0.024412 0.032550
0 0.681329 0.496383 0.025769 0.066908
0 0.698282 0.454792 0.027125 0.052441
0 0.840687 0.501808 0.027125 0.052441
0 0.982052 0.498192 0.035895 0.048825
0 0.888834 0.528029 0.039331 0.047016