0 0.075769 0.310127 0.035262 0.056058
0 0.133409 0.339060 0.033906 0.037975
0 0.023553 0.932188 0.044756 0.063291
0 0.157143 0.312839 0.040687 0.057866
0 0.250045 0.286618 0.033906 0.052441
0 0.275814 0.257685 0.042043 0.052441
0 0.342948 0.219711 0.021700 0.030741
0 0.613517 0.151899 0.023056 0.036166
0 0.635895 0.135624 0.029837 0.047016
0 0.226311 0.392405 0.048825 0.050633
0 0.332098 0.434901 0.043400 0.052441
0 0.240552 0.529837 0.055606 0.057866
0 0.382957 0.358951 0.036618 0.052441
0 0.404656 0.427667 0.039331 0.045208
0 0.660307 0.468354 0.032550 0.036166
0 0.677260 0.500000 0.039331 0.059675
0 0.696248 0.458409 0.036618 0.052441
0 0.832550 0.500904 0.029837 0.043400
0 0.889512 0.539783 0.035262 0.063291
0 0.988156 0.476492 0.023688 0.056058