0 0.041863 0.396022 0.027125 0.036166
0 0.234448 0.392405 0.021700 0.039783
0 0.251401 0.359855 0.031193 0.047016
0 0.365325 0.358951 0.023056 0.041591
0 0.565371 0.250452 0.021700 0.034358
0 0.939693 0.157324 0.016275 0.028933
0 0.967495 0.185353 0.012206 0.034358
0 0.885443 0.329114 0.021700 0.032550
0 0.963427 0.346293 0.017631 0.027125
0 0.985127 0.380651 0.020344 0.048825
0 0.802712 0.378843 0.029837 0.048825
0 0.785081 0.493671 0.027125 0.036166
0 0.824412 0.517179 0.037975 0.054250
0 0.785081 0.554250 0.032550 0.048825
0 0.658273 0.619349 0.031193 0.059675
0 0.465009 0.654611 0.037975 0.061483
0 0.416184 0.687161 0.043400 0.054250
0 0.211392 0.522604 0.056962 0.057866
0 0.082550 0.758590 0.067812 0.081374
0 0.016863 0.923146 0.033725 0.063291