0 0.217495 0.765823 0.044756 0.052441
0 0.119846 0.981917 0.052893 0.036166
0 0.319891 0.726040 0.051537 0.045208
0 0.315823 0.658228 0.040687 0.039783
0 0.363969 0.631103 0.033906 0.050633
0 0.262251 0.405967 0.042043 0.056058
0 0.211392 0.376130 0.035262 0.047016
0 0.181555 0.301085 0.035262 0.052441
0 0.031691 0.260398 0.047468 0.047016
0 0.506374 0.178119 0.028481 0.041591
0 0.638608 0.138336 0.016275 0.030741
0 0.755244 0.086799 0.021700 0.036166
0 0.912568 0.104882 0.032550 0.054250
0 0.933589 0.250452 0.031193 0.048825
0 0.863065 0.317360 0.031193 0.052441
0 0.854928 0.419530 0.036618 0.050633
0 0.809494 0.397830 0.037975 0.043400
0 0.949864 0.414105 0.042043 0.057866
0 0.972242 0.716998 0.054250 0.070524