0 0.121203 0.211573 0.025769 0.032550
0 0.072378 0.401447 0.044756 0.054250
0 0.138155 0.396926 0.046112 0.045208
0 0.233092 0.264919 0.035262 0.037975
0 0.399910 0.272152 0.032550 0.052441
0 0.428391 0.232369 0.040687 0.059675
0 0.620976 0.062387 0.024412 0.041591
0 0.571474 0.554250 0.036618 0.052441
0 0.620298 0.603978 0.033906 0.054250
0 0.663020 0.306510 0.035262 0.041591
0 0.800000 0.299277 0.032550 0.045208
0 0.942405 0.431284 0.035262 0.063291
0 0.981736 0.425859 0.035262 0.059675
0 0.467043 0.852622 0.033906 0.052441
0 0.515190 0.933092 0.051537 0.061483