0 0.939693 0.054250 0.021700 0.036166
0 0.908499 0.018987 0.021700 0.037974
0 0.858318 0.069620 0.018987 0.037975
0 0.983092 0.323689 0.024412 0.036166
0 0.808816 0.273960 0.023056 0.045208
0 0.775588 0.280289 0.024412 0.025316
0 0.804069 0.128391 0.021700 0.043400
0 0.701673 0.134720 0.020344 0.030741
0 0.532143 0.089512 0.031193 0.037975
0 0.271745 0.461121 0.033906 0.050633
0 0.238517 0.754069 0.051537 0.054250
0 0.022966 0.358951 0.045931 0.070524
0 0.395163 0.712477 0.044756 0.057866
0 0.612839 0.478300 0.037975 0.052441
0 0.673870 0.344485 0.021700 0.041591
0 0.797287 0.335443 0.024412 0.041591
0 0.839331 0.462929 0.027125 0.061483
0 0.740325 0.544304 0.029837 0.039783
0 0.755922 0.520796 0.031193 0.032550
0 0.769485 0.634720 0.028481 0.050633
0 0.820344 0.646474 0.043400 0.045208
0 0.853571 0.698915 0.033906 0.056058
0 0.768806 0.834539 0.037975 0.041591