0 0.116456 0.229656 0.029837 0.036166
0 0.080515 0.418626 0.055606 0.059675
0 0.130696 0.424955 0.044756 0.061483
0 0.229023 0.291139 0.037975 0.050633
0 0.281917 0.207957 0.037975 0.050633
0 0.363291 0.154611 0.024412 0.037975
0 0.376175 0.241410 0.031193 0.041591
0 0.451447 0.172694 0.021700 0.037975
0 0.627080 0.043400 0.025769 0.032550
0 0.639286 0.076854 0.025769 0.048825
0 0.563336 0.559675 0.028481 0.056058
0 0.617586 0.610307 0.042043 0.052441
0 0.800000 0.524412 0.035262 0.043400
0 0.924096 0.431284 0.031193 0.063291
0 0.982414 0.439421 0.031193 0.050633
0 0.874593 0.815552 0.043400 0.054250
0 0.940371 0.654611 0.031193 0.047016