0 0.035759 0.265823 0.047468 0.050633
0 0.186302 0.300181 0.044756 0.054250
0 0.209358 0.380651 0.031193 0.059675
0 0.259539 0.390597 0.039331 0.054250
0 0.502306 0.204340 0.025769 0.043400
0 0.499593 0.172694 0.023056 0.034358
0 0.642676 0.160940 0.021700 0.043400
0 0.633183 0.132911 0.021700 0.027125
0 0.829837 0.115732 0.029837 0.047016
0 0.932233 0.243219 0.028481 0.052441
0 0.919349 0.393309 0.032550 0.048825
0 0.845434 0.424955 0.039331 0.050633
0 0.816275 0.391501 0.035262 0.045208
0 0.681329 0.324593 0.036618 0.048825
0 0.542315 0.399638 0.046112 0.057866
0 0.355154 0.645570 0.051537 0.057866
0 0.319891 0.725136 0.043400 0.047016
0 0.218174 0.766727 0.043400 0.054250
0 0.505696 0.967450 0.040687 0.065099