0 0.816953 0.028933 0.017631 0.032550
0 0.936980 0.161844 0.016275 0.027125
0 0.965461 0.193490 0.021700 0.036166
0 0.907821 0.294756 0.020344 0.050633
0 0.848146 0.341772 0.025769 0.036166
0 0.557233 0.374322 0.035262 0.043400
0 0.759313 0.508137 0.027125 0.036166
0 0.806103 0.507233 0.033906 0.034358
0 0.759313 0.556058 0.029837 0.048825
0 0.368716 0.351718 0.027125 0.037975
0 0.247333 0.366184 0.033906 0.041591
0 0.233092 0.406872 0.032550 0.043400
0 0.205289 0.537071 0.042043 0.050633
0 0.102215 0.480108 0.044756 0.045208
0 0.041863 0.414105 0.027125 0.028933
0 0.081872 0.764014 0.069168 0.088608
0 0.493490 0.762206 0.040687 0.070524
0 0.554521 0.719711 0.040687 0.061483
0 0.652848 0.618445 0.039331 0.068716