0 0.153074 0.310127 0.024412 0.045208
0 0.014150 0.513562 0.028300 0.065099
0 0.233092 0.434901 0.032550 0.045208
0 0.468400 0.144665 0.028481 0.043400
0 0.637251 0.377939 0.021700 0.043400
0 0.743038 0.303797 0.021700 0.039783
0 0.757278 0.217902 0.028481 0.030741
0 0.743038 0.128391 0.016275 0.028933
0 0.782369 0.103074 0.018987 0.028933
0 0.791863 0.122966 0.018987 0.047016
0 0.820344 0.028029 0.018987 0.030741
0 0.858996 0.058770 0.017631 0.030741
0 0.736257 0.051537 0.016275 0.037975
0 0.743716 0.027125 0.017631 0.036166
0 0.988517 0.074141 0.016275 0.028933
0 0.975633 0.101266 0.020344 0.039783
0 0.952577 0.221519 0.025769 0.037975
0 0.788472 0.526221 0.036618 0.050633
0 0.589783 0.517179 0.035262 0.057866
0 0.485353 0.650090 0.040687 0.052441
0 0.427034 0.640145 0.046112 0.061483
0 0.559946 0.822785 0.032550 0.039783
0 0.480606 0.840868 0.036618 0.057866
0 0.496881 0.911392 0.036618 0.068716