0 0.625723 0.037071 0.020344 0.027125
0 0.356510 0.141049 0.032550 0.057866
0 0.340235 0.198011 0.035262 0.037975
0 0.224277 0.275769 0.033906 0.048825
0 0.152396 0.195298 0.042043 0.057866
0 0.181555 0.301085 0.048825 0.052441
0 0.101537 0.291139 0.035262 0.057866
0 0.061528 0.324593 0.028481 0.037975
0 0.067631 0.426763 0.043400 0.050633
0 0.248011 0.553345 0.037975 0.047016
0 0.554521 0.559675 0.043400 0.048825
0 0.595886 0.616637 0.044756 0.057866
0 0.669123 0.208861 0.031193 0.048825
0 0.810172 0.198011 0.033906 0.045208
0 0.915958 0.173599 0.036618 0.043400
0 0.861709 0.279385 0.028481 0.045208
0 0.915280 0.416817 0.037975 0.052441
0 0.977667 0.439421 0.032550 0.050633