0 0.134087 0.323689 0.037975 0.050633
0 0.146293 0.370705 0.040687 0.057866
0 0.313788 0.497288 0.031193 0.050633
0 0.273101 0.520796 0.036618 0.050633
0 0.163246 0.532550 0.047468 0.056058
0 0.501627 0.380651 0.021700 0.056058
0 0.528074 0.370705 0.028481 0.039783
0 0.543671 0.332731 0.032550 0.036166
0 0.654204 0.302893 0.028481 0.037975
0 0.891546 0.178119 0.020344 0.037975
0 0.979340 0.614828 0.041320 0.083183
0 0.713201 0.450271 0.035262 0.047016
0 0.610127 0.568716 0.048825 0.059675
0 0.416184 0.549729 0.040687 0.054250
0 0.542993 0.711573 0.036618 0.048825
0 0.686754 0.661844 0.047468 0.061483
0 0.456872 0.896926 0.043400 0.068716