0 0.161212 0.341772 0.029837 0.050633
0 0.138834 0.308318 0.033906 0.048825
0 0.559946 0.300181 0.024412 0.036166
0 0.544349 0.338156 0.025769 0.036166
0 0.519259 0.409584 0.043400 0.052441
0 0.317857 0.481013 0.042043 0.047016
0 0.277170 0.504521 0.033906 0.036166
0 0.178165 0.518083 0.047468 0.037975
0 0.399910 0.581374 0.046112 0.070524
0 0.480606 0.720615 0.039331 0.052441
0 0.475181 0.872514 0.042043 0.063291
0 0.900362 0.170886 0.029837 0.056058
0 0.664376 0.293852 0.018987 0.030741
0 0.718626 0.428571 0.037975 0.043400
0 0.644033 0.562387 0.035262 0.054250
0 0.697604 0.636528 0.036618 0.047016
0 0.987477 0.612116 0.025045 0.081374