0 0.057459 0.202532 0.028481 0.047016
0 0.104928 0.148282 0.033906 0.047016
0 0.045931 0.449367 0.037975 0.041591
0 0.016863 0.488246 0.033725 0.043400
0 0.191727 0.352622 0.042043 0.036166
0 0.283273 0.218807 0.024412 0.032550
0 0.291410 0.431284 0.035262 0.037975
0 0.300226 0.518083 0.033906 0.052441
0 0.275136 0.605787 0.035262 0.050633
0 0.530108 0.518987 0.035262 0.065099
0 0.687432 0.157324 0.037975 0.050633
0 0.709132 0.101266 0.016275 0.039783
0 0.838653 0.055154 0.033906 0.034358
0 0.733544 0.571429 0.035262 0.054250
0 0.818309 0.595841 0.044756 0.059675
0 0.958002 0.476492 0.039331 0.070524