0 0.220208 0.257685 0.025769 0.037975
0 0.081193 0.424955 0.046112 0.050633
0 0.284629 0.395118 0.037975 0.048825
0 0.175452 0.594937 0.033906 0.043400
0 0.132052 0.627486 0.031193 0.065099
0 0.168671 0.723327 0.042043 0.047016
0 0.180199 0.815552 0.043400 0.050633
0 0.332776 0.720615 0.039331 0.048825
0 0.691501 0.137432 0.027125 0.036166
0 0.929521 0.097649 0.023056 0.039783
0 0.948508 0.211573 0.023056 0.043400
0 0.810850 0.384268 0.029837 0.056058
0 0.848825 0.445750 0.037975 0.063291
0 0.947152 0.448463 0.028481 0.050633
0 0.885443 0.621157 0.043400 0.048825