0 0.064919 0.294756 0.035262 0.043400
0 0.239195 0.259494 0.039331 0.045208
0 0.069665 0.430380 0.050181 0.050633
0 0.149684 0.374322 0.044756 0.047016
0 0.404656 0.381555 0.042043 0.054250
0 0.741682 0.118445 0.021700 0.041591
0 0.951899 0.089512 0.021700 0.030741
0 0.917993 0.248644 0.032550 0.045208
0 0.817631 0.417722 0.035262 0.057866
0 0.863065 0.434901 0.042043 0.063291
0 0.951899 0.447559 0.040687 0.048825
0 0.625045 0.501808 0.032550 0.048825
0 0.353119 0.673599 0.039331 0.041591
0 0.179521 0.568716 0.042043 0.037975
0 0.140190 0.614828 0.039331 0.043400
0 0.181555 0.714286 0.051537 0.050633
0 0.684042 0.776673 0.047468 0.066908