0 0.075769 0.167269 0.032550 0.041591
0 0.121881 0.206148 0.029837 0.039783
0 0.186980 0.187161 0.021700 0.030741
0 0.132731 0.377034 0.046112 0.056058
0 0.216139 0.300181 0.033906 0.047016
0 0.288020 0.250452 0.033906 0.037975
0 0.470434 0.264014 0.032550 0.050633
0 0.543671 0.252260 0.032550 0.048825
0 0.675226 0.033454 0.024412 0.037975
0 0.716591 0.282098 0.033906 0.039783
0 0.872559 0.269439 0.028481 0.043400
0 0.899005 0.272152 0.027125 0.063291
0 0.623689 0.543400 0.029837 0.059675
0 0.658273 0.604882 0.044756 0.048825
0 0.641998 0.862568 0.042043 0.057866
0 0.812206 0.781193 0.043400 0.054250
0 0.779656 0.896926 0.048825 0.061483