0 0.285307 0.891501 0.058318 0.090416
0 0.422966 0.691682 0.046112 0.052441
0 0.526040 0.656420 0.051537 0.061483
0 0.557233 0.433996 0.037975 0.050633
0 0.492812 0.280289 0.023056 0.036166
0 0.378888 0.314647 0.033906 0.036166
0 0.153074 0.238698 0.040687 0.047016
0 0.355832 0.386076 0.025769 0.030741
0 0.321248 0.365280 0.040687 0.039783
0 0.260895 0.430380 0.042043 0.050633
0 0.268354 0.605787 0.046112 0.050633
0 0.128662 0.475588 0.048825 0.050633
0 0.077803 0.547016 0.042043 0.041591
0 0.710488 0.181736 0.024412 0.037975
0 0.858318 0.231465 0.024412 0.036166
0 0.875949 0.234177 0.018987 0.045208
0 0.944439 0.354430 0.031193 0.050633
0 0.787116 0.575949 0.033906 0.052441
0 0.885443 0.613020 0.032550 0.054250
0 0.982052 0.514467 0.035895 0.056058