0 0.054069 0.309222 0.048825 0.050633
0 0.176808 0.339964 0.031193 0.054250
0 0.191727 0.433996 0.033906 0.050633
0 0.260895 0.480108 0.042043 0.041591
0 0.504340 0.340868 0.035262 0.052441
0 0.526718 0.354430 0.023056 0.039783
0 0.741004 0.120253 0.028481 0.030741
0 0.897649 0.188065 0.021700 0.028933
0 0.948508 0.169982 0.031193 0.057866
0 0.810850 0.426763 0.029837 0.054250
0 0.841365 0.449367 0.042043 0.066908
0 0.919349 0.455696 0.037975 0.054250
0 0.486031 0.472875 0.047468 0.056058
0 0.371429 0.669078 0.046112 0.054250
0 0.194439 0.629295 0.042043 0.047016
0 0.134087 0.635624 0.048825 0.052441
0 0.191049 0.731465 0.043400 0.059675