0 0.232414 0.252260 0.025769 0.037975
0 0.083906 0.425859 0.040687 0.052441
0 0.014150 0.210669 0.028300 0.045208
0 0.715235 0.118445 0.017631 0.037975
0 0.941049 0.078662 0.018987 0.030741
0 0.976311 0.338156 0.027125 0.050633
0 0.858318 0.445750 0.032550 0.066908
0 0.826447 0.443038 0.028481 0.057866
0 0.972920 0.485533 0.033906 0.056058
0 0.292767 0.396022 0.046112 0.057866
0 0.323282 0.666365 0.044756 0.037975
0 0.191049 0.595841 0.032550 0.045208
0 0.140190 0.617541 0.047468 0.045208
0 0.178165 0.710669 0.055606 0.054250
0 0.074412 0.777577 0.051537 0.047016