0 0.167315 0.320976 0.039331 0.056058
0 0.396519 0.282098 0.023056 0.036166
0 0.554521 0.313743 0.021700 0.041591
0 0.574186 0.281193 0.025769 0.052441
0 0.677260 0.285714 0.023056 0.039783
0 0.922740 0.166365 0.031193 0.043400
0 0.734222 0.378843 0.031193 0.037975
0 0.517224 0.432188 0.036618 0.036166
0 0.329385 0.474684 0.037975 0.037975
0 0.288020 0.499096 0.036618 0.050633
0 0.213427 0.491863 0.033906 0.043400
0 0.416184 0.616637 0.040687 0.072333
0 0.431103 0.731465 0.037975 0.052441
0 0.474503 0.858951 0.046112 0.050633
0 0.716591 0.577758 0.036618 0.063291
0 0.704385 0.646474 0.036618 0.066908