0 0.205967 0.505425 0.040687 0.048825
0 0.104928 0.851718 0.044756 0.050633
0 0.304295 0.780289 0.047468 0.063291
0 0.608770 0.486438 0.029837 0.057866
0 0.662342 0.341772 0.020344 0.039783
0 0.526040 0.113924 0.024412 0.039783
0 0.782369 0.115732 0.018987 0.039783
0 0.852215 0.115732 0.020344 0.043400
0 0.751854 0.315552 0.017631 0.034358
0 0.811528 0.310127 0.023056 0.037975
0 0.903752 0.025316 0.017631 0.028933
0 0.934946 0.060579 0.020344 0.030741
0 0.987839 0.298373 0.020344 0.028933
0 0.945796 0.692586 0.031193 0.036166
0 0.858318 0.801989 0.043400 0.037975
0 0.832550 0.459313 0.032550 0.039783
0 0.794575 0.339060 0.027125 0.034358
0 0.880018 0.573237 0.032550 0.047016
0 0.836618 0.562387 0.027125 0.054250
0 0.738969 0.554250 0.029837 0.048825
0 0.750497 0.500904 0.025769 0.028933
0 0.755922 0.529837 0.033906 0.043400