0 0.115778 0.234177 0.031193 0.030741
0 0.239873 0.205244 0.043400 0.041591
0 0.231736 0.281193 0.032550 0.045208
0 0.337523 0.305606 0.032550 0.043400
0 0.354476 0.192586 0.023056 0.034358
0 0.380244 0.199819 0.031193 0.048825
0 0.626401 0.045208 0.018987 0.028933
0 0.644033 0.116637 0.021700 0.045208
0 0.928843 0.053345 0.032550 0.045208
0 0.986121 0.138336 0.027758 0.048825
0 0.554521 0.561483 0.043400 0.048825
0 0.617586 0.603978 0.036618 0.054250
0 0.132731 0.428571 0.043400 0.057866
0 0.081872 0.425859 0.058318 0.059675
0 0.917993 0.433996 0.040687 0.057866
0 0.976311 0.443942 0.035262 0.063291
0 0.972242 0.585895 0.051537 0.047016
0 0.983409 0.797468 0.033182 0.043400