0 0.045931 0.413201 0.029837 0.037975
0 0.230380 0.396926 0.029837 0.048825
0 0.247333 0.361664 0.028481 0.050633
0 0.367360 0.345389 0.037975 0.036166
0 0.555199 0.304702 0.025769 0.045208
0 0.205967 0.530741 0.046112 0.045208
0 0.019575 0.551537 0.039150 0.057866
0 0.084584 0.752260 0.066456 0.061483
0 0.450769 0.734177 0.033906 0.050633
0 0.496203 0.699819 0.037975 0.061483
0 0.656239 0.618445 0.040687 0.054250
0 0.773553 0.496383 0.028481 0.048825
0 0.812206 0.512658 0.040687 0.052441
0 0.783047 0.567812 0.025769 0.047016
0 0.833906 0.357143 0.018987 0.041591
0 0.905108 0.300181 0.025769 0.036166
0 0.941049 0.158228 0.018987 0.030741
0 0.814919 0.016275 0.018987 0.032550
0 0.964783 0.184448 0.017631 0.032550