0 0.113743 0.308318 0.040687 0.052441
0 0.127306 0.254973 0.027125 0.043400
0 0.183589 0.216998 0.036618 0.047016
0 0.245298 0.276673 0.029837 0.050633
0 0.222242 0.341772 0.046112 0.057866
0 0.336844 0.244123 0.023056 0.050633
0 0.372107 0.221519 0.033906 0.048825
0 0.625045 0.045208 0.021700 0.028933
0 0.661664 0.183544 0.024412 0.045208
0 0.553843 0.560579 0.033906 0.057866
0 0.611483 0.611212 0.037975 0.050633
0 0.862387 0.151899 0.027125 0.039783
0 0.962070 0.121157 0.031193 0.050633
0 0.911890 0.229656 0.028481 0.047016
0 0.918671 0.434901 0.039331 0.056058
0 0.978345 0.439421 0.033906 0.061483
0 0.069665 0.433092 0.052893 0.063291
0 0.093400 0.524412 0.046112 0.047016