0 0.949186 0.103978 0.018987 0.030741
0 0.783047 0.211573 0.023056 0.028933
0 0.762703 0.292948 0.025769 0.039783
0 0.228345 0.275769 0.031193 0.034358
0 0.018806 0.409584 0.035262 0.048825
0 0.283951 0.405967 0.044756 0.059675
0 0.355832 0.596745 0.039331 0.050633
0 0.170027 0.619349 0.039331 0.045208
0 0.133409 0.637432 0.042043 0.056058
0 0.218174 0.773056 0.054250 0.056058
0 0.156465 0.729656 0.042043 0.056058
0 0.151040 0.853526 0.042043 0.072333
0 0.835262 0.453888 0.040687 0.047016
0 0.969530 0.441230 0.037975 0.043400
0 0.979702 0.509042 0.036618 0.052441