0 0.037116 0.288427 0.047468 0.059675
0 0.180199 0.281193 0.029837 0.048825
0 0.347016 0.154611 0.043400 0.056058
0 0.432459 0.199819 0.032550 0.041591
0 0.500271 0.159132 0.032550 0.032550
0 0.584358 0.165461 0.027125 0.034358
0 0.786438 0.060579 0.021700 0.037975
0 0.816275 0.037975 0.027125 0.050633
0 0.530108 0.277577 0.037975 0.056058
0 0.619620 0.302893 0.032550 0.056058
0 0.497559 0.402351 0.037975 0.059675
0 0.284629 0.374322 0.035262 0.050633
0 0.165958 0.395118 0.044756 0.052441
0 0.366682 0.622061 0.047468 0.043400
0 0.328707 0.644665 0.047468 0.045208
0 0.313788 0.717902 0.039331 0.057866
0 0.227667 0.754069 0.051537 0.065099
0 0.744394 0.707052 0.037975 0.065099
0 0.790506 0.840868 0.059675 0.075949