0 0.325316 0.230561 0.018987 0.037975
0 0.199864 0.091320 0.025769 0.034358
0 0.163246 0.187161 0.031193 0.034358
0 0.208680 0.332731 0.032550 0.036166
0 0.236483 0.435805 0.028481 0.050633
0 0.200542 0.418626 0.032550 0.045208
0 0.139512 0.420434 0.037975 0.048825
0 0.051356 0.451175 0.046112 0.048825
0 0.610127 0.223327 0.027125 0.041591
0 0.715261 0.273042 0.022887 0.032776
0 0.707208 0.300732 0.030515 0.038427
0 0.663978 0.473652 0.025429 0.047468
0 0.676269 0.550506 0.029668 0.040687
0 0.799178 0.585542 0.029668 0.045208
0 0.877585 0.269086 0.033906 0.047468