0 0.484674 0.258590 0.033906 0.043400
0 0.743716 0.123870 0.023056 0.034358
0 0.915958 0.167269 0.036618 0.048825
0 0.922740 0.274864 0.028481 0.050633
0 0.871203 0.186257 0.025769 0.036166
0 0.922061 0.456600 0.037975 0.059675
0 0.841365 0.447559 0.033906 0.070524
0 0.806781 0.419530 0.046112 0.068716
0 0.496203 0.483725 0.040687 0.052441
0 0.267676 0.489150 0.044756 0.048825
0 0.201899 0.429476 0.046112 0.056058
0 0.183589 0.352622 0.039331 0.050633
0 0.043219 0.348101 0.037975 0.056058
0 0.224955 0.587703 0.037975 0.043400
0 0.200542 0.626582 0.046112 0.063291
0 0.174774 0.767631 0.043400 0.059675
0 0.370750 0.678119 0.033906 0.061483
0 0.411438 0.951175 0.050181 0.061483
0 0.882052 0.981917 0.050181 0.036166