0 0.039150 0.409584 0.032550 0.037975
0 0.050000 0.518987 0.043400 0.054250
0 0.208002 0.536166 0.042043 0.056058
0 0.233092 0.403255 0.032550 0.036166
0 0.248011 0.367089 0.037975 0.050633
0 0.370750 0.350814 0.031193 0.047016
0 0.555199 0.328210 0.025769 0.048825
0 0.514512 0.694394 0.033906 0.047016
0 0.467721 0.737794 0.043400 0.061483
0 0.083228 0.758590 0.063743 0.070524
0 0.650136 0.620253 0.036618 0.050633
0 0.776266 0.490958 0.023056 0.037975
0 0.808137 0.508137 0.035262 0.054250
0 0.778300 0.565099 0.029837 0.045208
0 0.842043 0.351718 0.027125 0.045208
0 0.907821 0.305606 0.028481 0.054250
0 0.938336 0.154611 0.021700 0.030741
0 0.967495 0.186257 0.020344 0.039783
0 0.816953 0.013562 0.014919 0.027124