0 0.132731 0.320976 0.032550 0.045208
0 0.163246 0.346293 0.042043 0.063291
0 0.268354 0.509946 0.035262 0.039783
0 0.317857 0.490958 0.033906 0.052441
0 0.172061 0.527125 0.037975 0.041591
0 0.507731 0.392405 0.031193 0.054250
0 0.530108 0.367993 0.027125 0.048825
0 0.549774 0.313743 0.031193 0.045208
0 0.661664 0.296564 0.018987 0.039783
0 0.397875 0.567812 0.044756 0.061483
0 0.622333 0.556962 0.037975 0.050633
0 0.507052 0.705244 0.037975 0.054250
0 0.473146 0.887884 0.037975 0.065099
0 0.692179 0.649186 0.047468 0.065099
0 0.897649 0.169078 0.035262 0.056058
0 0.982052 0.610307 0.035895 0.070524