0 0.050000 0.416817 0.032550 0.034358
0 0.233092 0.396022 0.027125 0.036166
0 0.252758 0.359855 0.028481 0.039783
0 0.368716 0.348101 0.024412 0.034358
0 0.566727 0.264014 0.024412 0.032550
0 0.825090 0.016275 0.017631 0.028933
0 0.938336 0.160940 0.018987 0.028933
0 0.967495 0.187161 0.017631 0.034358
0 0.983092 0.349910 0.021700 0.052441
0 0.900362 0.322785 0.029837 0.037975
0 0.816953 0.379747 0.028481 0.036166
0 0.203933 0.536166 0.039331 0.059675
0 0.428391 0.709765 0.037975 0.059675
0 0.472468 0.683544 0.033906 0.057866
0 0.653526 0.615732 0.029837 0.048825
0 0.783047 0.500904 0.023056 0.028933
0 0.813562 0.512658 0.029837 0.045208
0 0.781013 0.556962 0.035262 0.039783
0 0.081193 0.757685 0.065099 0.061483
0 0.016863 0.924051 0.033725 0.061483