0 0.419575 0.897830 0.050181 0.063291
0 0.718626 0.867089 0.046112 0.052441
0 0.934946 0.785714 0.052893 0.063291
0 0.877306 0.603074 0.048825 0.059675
0 0.949864 0.307414 0.047468 0.050633
0 0.890190 0.205244 0.023056 0.041591
0 0.770163 0.213382 0.032550 0.039783
0 0.626401 0.482821 0.035262 0.036166
0 0.556555 0.342676 0.025769 0.030741
0 0.342948 0.434901 0.032550 0.041591
0 0.465687 0.556058 0.039331 0.048825
0 0.372785 0.623870 0.046112 0.061483
0 0.421609 0.729656 0.032550 0.048825
0 0.176808 0.634720 0.050181 0.050633
0 0.085940 0.619349 0.061031 0.056058
0 0.031013 0.470163 0.054250 0.054250
0 0.207324 0.103074 0.032550 0.043400