0 0.121203 0.173599 0.031193 0.036166
0 0.227667 0.172694 0.035262 0.048825
0 0.216817 0.197107 0.024412 0.039783
0 0.323282 0.246835 0.033906 0.041591
0 0.170027 0.409584 0.042043 0.048825
0 0.061528 0.372514 0.033906 0.050633
0 0.585714 0.315552 0.029837 0.048825
0 0.708454 0.306510 0.033906 0.052441
0 0.752532 0.265823 0.037975 0.050633
0 0.709132 0.023508 0.027125 0.036166
0 0.660307 0.537071 0.037975 0.057866
0 0.698282 0.597649 0.043400 0.066908
0 0.749819 0.815552 0.043400 0.054250
0 0.853571 0.933092 0.042043 0.054250