0 0.100181 0.358047 0.046112 0.054250
0 0.313110 0.266727 0.035262 0.037975
0 0.608092 0.082278 0.020344 0.045208
0 0.842043 0.252260 0.021700 0.037975
0 0.894937 0.202532 0.021700 0.032550
0 0.952577 0.203436 0.025769 0.048825
0 0.902396 0.244123 0.023056 0.043400
0 0.886121 0.313743 0.020344 0.041591
0 0.902396 0.407776 0.023056 0.045208
0 0.830515 0.531646 0.033906 0.054250
0 0.695570 0.482821 0.032550 0.054250
0 0.753210 0.337251 0.025769 0.034358
0 0.831193 0.614828 0.032550 0.047016
0 0.942405 0.597649 0.032550 0.052441
0 0.901718 0.698915 0.032550 0.048825
0 0.562658 0.623870 0.032550 0.043400
0 0.519937 0.559675 0.031193 0.041591
0 0.437884 0.529837 0.037975 0.043400
0 0.376175 0.803797 0.036618 0.048825
0 0.452803 0.867993 0.040687 0.054250