0 0.036438 0.265823 0.043400 0.054250
0 0.182233 0.300181 0.033906 0.043400
0 0.208680 0.381555 0.035262 0.054250
0 0.256826 0.393309 0.042043 0.052441
0 0.360579 0.655515 0.046112 0.052441
0 0.317179 0.733273 0.051537 0.052441
0 0.313110 0.701627 0.037975 0.036166
0 0.223599 0.764014 0.054250 0.063291
0 0.133409 0.860759 0.058318 0.054250
0 0.166637 0.976492 0.059675 0.039783
0 0.706420 0.916817 0.043400 0.065099
0 0.821022 0.386076 0.031193 0.045208
0 0.532821 0.400542 0.040687 0.059675
0 0.564693 0.334539 0.039331 0.054250
0 0.513834 0.261302 0.037975 0.041591
0 0.493490 0.174503 0.032550 0.041591
0 0.634539 0.128391 0.018987 0.036166
0 0.640642 0.191682 0.020344 0.025316
0 0.775588 0.192586 0.035262 0.048825
0 0.928165 0.243219 0.033906 0.056058
0 0.951221 0.195298 0.023056 0.039783
0 0.969530 0.136528 0.037975 0.045208
0 0.850181 0.411392 0.048825 0.056058
0 0.877306 0.373418 0.037975 0.048825