0 0.024322 0.183544 0.048644 0.052441
0 0.227667 0.302893 0.040687 0.045208
0 0.316501 0.135624 0.039331 0.047016
0 0.314467 0.187161 0.032550 0.045208
0 0.135443 0.525316 0.046112 0.041591
0 0.114421 0.564195 0.033906 0.039783
0 0.550452 0.553345 0.040687 0.047016
0 0.589105 0.610307 0.036618 0.048825
0 0.582324 0.755877 0.039331 0.054250
0 0.651492 0.807414 0.044756 0.048825
0 0.642676 0.367089 0.027125 0.050633
0 0.597920 0.305606 0.032550 0.043400
0 0.665732 0.201627 0.027125 0.048825
0 0.756600 0.285714 0.029837 0.043400
0 0.986121 0.264014 0.027758 0.054250
0 0.630470 0.047920 0.021700 0.027125