0 0.050000 0.409584 0.035262 0.052441
0 0.229023 0.268535 0.032550 0.045208
0 0.012794 0.215190 0.025588 0.050633
0 0.285307 0.407776 0.047468 0.059675
0 0.175452 0.622061 0.036618 0.047016
0 0.143580 0.631103 0.040687 0.061483
0 0.167315 0.726944 0.058318 0.047016
0 0.127306 0.776673 0.046112 0.056058
0 0.092043 0.888788 0.043400 0.056058
0 0.325316 0.622061 0.040687 0.050633
0 0.739647 0.166365 0.028481 0.039783
0 0.941049 0.091320 0.018987 0.023508
0 0.776944 0.356239 0.032550 0.054250
0 0.920705 0.388788 0.037975 0.050633
0 0.839331 0.457505 0.037975 0.057866
0 0.961392 0.501808 0.043400 0.056058