0 0.035081 0.291139 0.043400 0.047016
0 0.189693 0.296564 0.035262 0.047016
0 0.269033 0.361664 0.036618 0.050633
0 0.210714 0.373418 0.036618 0.048825
0 0.496203 0.169982 0.021700 0.032550
0 0.613517 0.144665 0.020344 0.025316
0 0.607414 0.171790 0.024412 0.036166
0 0.536212 0.266727 0.036618 0.045208
0 0.455515 0.334539 0.032550 0.047016
0 0.507731 0.397830 0.044756 0.061483
0 0.700316 0.256781 0.033906 0.050633
0 0.837975 0.090416 0.024412 0.039783
0 0.874593 0.074141 0.035262 0.043400
0 0.937658 0.283906 0.033906 0.050633
0 0.829159 0.390597 0.036618 0.054250
0 0.852215 0.421338 0.031193 0.072333
0 0.875271 0.397830 0.028481 0.054250
0 0.361935 0.641049 0.051537 0.063291
0 0.301582 0.698011 0.028481 0.039783
0 0.323282 0.713382 0.050181 0.059675
0 0.221564 0.763110 0.058318 0.061483
0 0.349051 0.839964 0.052893 0.045208
0 0.397197 0.969259 0.067812 0.061482
0 0.875949 0.896022 0.059675 0.074141