0 0.153752 0.303797 0.031193 0.047016
0 0.369394 0.408680 0.023056 0.039783
0 0.469078 0.140145 0.027125 0.045208
0 0.635895 0.377034 0.024412 0.041591
0 0.597242 0.510850 0.025769 0.048825
0 0.486031 0.645570 0.031193 0.039783
0 0.427712 0.628391 0.039331 0.045208
0 0.542993 0.800181 0.036618 0.052441
0 0.587749 0.888788 0.031193 0.048825
0 0.694891 0.880651 0.031193 0.054250
0 0.818309 0.554250 0.028481 0.052441
0 0.744394 0.300181 0.024412 0.043400
0 0.771519 0.205244 0.027125 0.037975
0 0.738969 0.164557 0.010850 0.021700
0 0.781013 0.138336 0.021700 0.041591
0 0.864421 0.057866 0.012206 0.032550
0 0.831193 0.023508 0.016275 0.028933
0 0.991546 0.188065 0.016908 0.028933
0 0.984448 0.094937 0.013562 0.030741
0 0.991546 0.070524 0.016908 0.021700