0 0.257504 0.438517 0.037975 0.048825
0 0.293445 0.433092 0.042043 0.052441
0 0.508409 0.537071 0.037975 0.057866
0 0.457550 0.641049 0.033906 0.059675
0 0.418897 0.740506 0.046112 0.059675
0 0.439240 0.865280 0.040687 0.066908
0 0.465009 0.962025 0.056962 0.054250
0 0.741004 0.797468 0.047468 0.057866
0 0.874593 0.445750 0.037975 0.052441
0 0.752532 0.377034 0.037975 0.056058
0 0.707776 0.256781 0.037975 0.054250
0 0.570796 0.046112 0.029837 0.041591
0 0.596564 0.022604 0.035262 0.045208
0 0.915958 0.265823 0.031193 0.072333