0 0.026266 0.257685 0.047468 0.048825
0 0.176130 0.292948 0.035262 0.054250
0 0.492812 0.186257 0.028481 0.050633
0 0.749819 0.078662 0.021700 0.030741
0 0.755244 0.121157 0.027125 0.028933
0 0.865099 0.090416 0.027125 0.032550
0 0.497559 0.408680 0.037975 0.057866
0 0.304295 0.433092 0.044756 0.045208
0 0.206646 0.375226 0.033906 0.048825
0 0.368038 0.648282 0.036618 0.048825
0 0.310398 0.679024 0.043400 0.052441
0 0.196474 0.769439 0.048825 0.066908
0 0.735579 0.788427 0.047468 0.061483
0 0.785081 0.895118 0.065099 0.050633
0 0.918671 0.414105 0.036618 0.057866
0 0.931555 0.242315 0.029837 0.043400
0 0.887477 0.323689 0.039331 0.065099
0 0.847468 0.396926 0.043400 0.056058
0 0.809494 0.389693 0.029837 0.052441