0 0.137477 0.320072 0.033906 0.043400
0 0.113743 0.527125 0.040687 0.048825
0 0.457550 0.149186 0.025769 0.034358
0 0.416184 0.643761 0.035262 0.054250
0 0.471790 0.652803 0.040687 0.057866
0 0.429747 0.790235 0.027125 0.054250
0 0.334810 0.845389 0.046112 0.048825
0 0.354476 0.894213 0.044756 0.070524
0 0.581646 0.520796 0.032550 0.054250
0 0.633861 0.382459 0.023056 0.034358
0 0.713879 0.292948 0.025769 0.036166
0 0.740325 0.235081 0.016275 0.025316
0 0.783725 0.258590 0.021700 0.036166
0 0.779656 0.527125 0.027125 0.056058
0 0.953933 0.336347 0.031193 0.050633
0 0.990190 0.206148 0.019620 0.050633
0 0.969530 0.074141 0.016275 0.028933
0 0.961392 0.095841 0.021700 0.028933
0 0.845434 0.068716 0.028481 0.032550
0 0.805425 0.029837 0.016275 0.034358
0 0.771519 0.058770 0.021700 0.030741
0 0.741682 0.088608 0.021700 0.028933
0 0.711844 0.008137 0.021700 0.016274
0 0.723372 0.030741 0.023056 0.028933
0 0.805425 0.107595 0.018987 0.027125
0 0.769485 0.146474 0.012206 0.028933
0 0.724051 0.054250 0.024412 0.032550