0 0.376175 0.884268 0.042043 0.057866
0 0.715235 0.855335 0.052893 0.054250
0 0.911212 0.760398 0.046112 0.059675
0 0.833906 0.613020 0.043400 0.075949
0 0.935624 0.352622 0.035262 0.050633
0 0.847468 0.219711 0.021700 0.037975
0 0.860353 0.228752 0.039331 0.059675
0 0.739647 0.224231 0.028481 0.036166
0 0.595208 0.489150 0.037975 0.041591
0 0.535533 0.334539 0.037975 0.032550
0 0.308363 0.420434 0.039331 0.041591
0 0.108318 0.325497 0.040687 0.057866
0 0.035081 0.592224 0.046112 0.052441
0 0.137477 0.615732 0.050181 0.056058
0 0.353797 0.599458 0.037975 0.048825
0 0.430425 0.518083 0.047468 0.052441
0 0.407369 0.682640 0.033906 0.041591
0 0.564693 0.738698 0.042043 0.056058