0 0.036438 0.300181 0.037975 0.061483
0 0.096112 0.403255 0.037975 0.050633
0 0.176130 0.409584 0.037975 0.045208
0 0.282595 0.273056 0.033906 0.036166
0 0.333454 0.262206 0.035262 0.047016
0 0.428391 0.233273 0.029837 0.043400
0 0.500949 0.150995 0.023056 0.034358
0 0.490099 0.221519 0.020344 0.030741
0 0.786438 0.062387 0.024412 0.034358
0 0.813562 0.041591 0.024412 0.043400
0 0.616908 0.292043 0.037975 0.045208
0 0.531465 0.290235 0.027125 0.041591
0 0.470434 0.408680 0.037975 0.050633
0 0.367360 0.446655 0.048825 0.036166
0 0.342948 0.465642 0.032550 0.027125
0 0.328707 0.674503 0.039331 0.047016
0 0.247333 0.763110 0.047468 0.061483
0 0.836618 0.395118 0.029837 0.052441
0 0.877984 0.399638 0.028481 0.054250
0 0.854250 0.433092 0.035262 0.070524
0 0.930877 0.820072 0.063743 0.063291
0 0.977306 0.872514 0.045388 0.077758