0 0.317867 0.779385 0.029591 0.032879
0 0.120596 0.674996 0.042742 0.027947
0 0.532125 0.635131 0.030687 0.025481
0 0.654871 0.489078 0.032879 0.028769
0 0.255946 0.320165 0.032879 0.021371
0 0.163338 0.466474 0.036166 0.031235
0 0.734876 0.326741 0.028495 0.024659
0 0.860910 0.513326 0.030687 0.026303
0 0.766700 0.210224 0.018996 0.014247
0 0.568333 0.184469 0.018266 0.015343
0 0.525225 0.193511 0.019727 0.018083
0 0.489059 0.157344 0.018996 0.016987
0 0.292518 0.182825 0.013151 0.012055
0 0.304939 0.176523 0.014613 0.014795
0 0.489424 0.013425 0.015343 0.013699
0 0.547509 0.098088 0.017535 0.015343
0 0.582215 0.064661 0.016805 0.017535
0 0.642127 0.026577 0.010960 0.011507
0 0.810538 0.323401 0.024842 0.020275
0 0.822958 0.300112 0.023380 0.021919
0 0.861463 0.357550 0.024915 0.018686
0 0.883564 0.351221 0.022504 0.021700
0 0.873518 0.323493 0.026522 0.020494