0 0.089331 0.537975 0.035262 0.048825
0 0.029656 0.063291 0.035262 0.050633
0 0.168671 0.359855 0.044756 0.065099
0 0.226311 0.438517 0.037975 0.045208
0 0.323960 0.439421 0.043400 0.043400
0 0.364647 0.449367 0.021700 0.041591
0 0.380244 0.357143 0.033906 0.041591
0 0.511799 0.289331 0.020344 0.036166
0 0.724729 0.195298 0.025769 0.039783
0 0.884087 0.233273 0.018987 0.043400
0 0.867812 0.251356 0.029837 0.036166
0 0.936302 0.364376 0.039331 0.041591
0 0.969530 0.661844 0.048825 0.075949
0 0.837297 0.782098 0.047468 0.059675
0 0.799322 0.582278 0.036618 0.057866
0 0.569439 0.447559 0.040687 0.052441
0 0.545705 0.683544 0.039331 0.054250
0 0.255470 0.646474 0.039331 0.045208
0 0.310398 0.844485 0.056962 0.065099