0 0.050678 0.424051 0.025769 0.037975
0 0.120524 0.468354 0.043400 0.050633
0 0.030335 0.581374 0.050181 0.056058
0 0.207324 0.545208 0.043400 0.052441
0 0.081193 0.764919 0.059675 0.065099
0 0.232414 0.408680 0.028481 0.039783
0 0.250045 0.369801 0.042043 0.045208
0 0.366004 0.357143 0.029837 0.041591
0 0.564014 0.413201 0.029837 0.045208
0 0.650814 0.623870 0.035262 0.054250
0 0.590461 0.726040 0.039331 0.059675
0 0.515190 0.755877 0.046112 0.050633
0 0.751175 0.503617 0.032550 0.034358
0 0.751854 0.558770 0.025769 0.032550
0 0.792541 0.510850 0.031193 0.052441
0 0.848825 0.336347 0.029837 0.039783
0 0.916637 0.278481 0.024412 0.047016
0 0.811528 0.030741 0.014919 0.028933
0 0.943083 0.167269 0.025769 0.034358
0 0.961392 0.196203 0.021700 0.041591