0 0.084584 0.545208 0.036618 0.048825
0 0.136121 0.466546 0.031193 0.047016
0 0.250723 0.410488 0.037975 0.050633
0 0.308363 0.377034 0.033906 0.041591
0 0.351763 0.378843 0.017631 0.037975
0 0.380922 0.311031 0.032550 0.047016
0 0.491456 0.278481 0.028481 0.028933
0 0.714557 0.181736 0.037975 0.041591
0 0.871881 0.236890 0.027125 0.036166
0 0.942405 0.350814 0.032550 0.047016
0 0.984087 0.552441 0.031826 0.052441
0 0.881374 0.648282 0.032550 0.052441
0 0.783725 0.574141 0.046112 0.059675
0 0.559946 0.433092 0.032550 0.037975
0 0.526040 0.647378 0.040687 0.047016
0 0.392450 0.670886 0.042043 0.050633
0 0.182911 0.629295 0.048825 0.057866
0 0.296835 0.876130 0.048825 0.056058