0 0.075090 0.311031 0.039331 0.043400
0 0.027622 0.928571 0.052893 0.063291
0 0.153752 0.316456 0.042043 0.050633
0 0.245298 0.285714 0.024412 0.039783
0 0.270389 0.270344 0.033906 0.045208
0 0.341591 0.223327 0.032550 0.034358
0 0.610805 0.149186 0.017631 0.037975
0 0.636573 0.135624 0.028481 0.047016
0 0.378210 0.352622 0.027125 0.036166
0 0.399910 0.430380 0.035262 0.039783
0 0.304973 0.444846 0.035262 0.050633
0 0.224955 0.431284 0.035262 0.048825
0 0.283951 0.524412 0.042043 0.054250
0 0.686076 0.486438 0.029837 0.057866
0 0.661664 0.464738 0.032550 0.050633
0 0.700995 0.460217 0.032550 0.048825
0 0.836618 0.504521 0.029837 0.043400
0 0.886799 0.504521 0.040687 0.050633
0 0.970886 0.534358 0.035262 0.048825
0 0.989512 0.564195 0.020976 0.050633