0 0.063562 0.372514 0.048825 0.043400
0 0.162568 0.336347 0.040687 0.054250
0 0.186302 0.210669 0.044756 0.045208
0 0.241908 0.432188 0.042043 0.050633
0 0.167315 0.586799 0.039331 0.045208
0 0.142224 0.628391 0.040687 0.052441
0 0.182233 0.733273 0.047468 0.063291
0 0.370072 0.661844 0.043400 0.057866
0 0.454159 0.414105 0.043400 0.057866
0 0.561980 0.424955 0.036618 0.050633
0 0.742360 0.117541 0.023056 0.028933
0 0.945796 0.138336 0.020344 0.030741
0 0.991546 0.119349 0.016908 0.036166
0 0.921383 0.254973 0.031193 0.050633
0 0.812884 0.426763 0.042043 0.061483
0 0.858996 0.439421 0.052893 0.065099
0 0.949186 0.452080 0.035262 0.054250
0 0.889512 0.717902 0.056962 0.057866