0 0.071022 0.432188 0.031193 0.036166
0 0.055425 0.417722 0.043400 0.050633
0 0.052034 0.871609 0.050181 0.054250
0 0.380244 0.216998 0.023056 0.032550
0 0.422287 0.192586 0.036618 0.048825
0 0.433816 0.301085 0.032550 0.045208
0 0.541637 0.337251 0.025769 0.052441
0 0.654204 0.416817 0.028481 0.052441
0 0.711844 0.353526 0.040687 0.059675
0 0.508409 0.646474 0.037975 0.041591
0 0.654882 0.576854 0.040687 0.050633
0 0.788472 0.433996 0.028481 0.047016
0 0.789150 0.690778 0.035262 0.047016
0 0.803391 0.769439 0.031193 0.077758