0 0.056781 0.192586 0.037975 0.048825
0 0.087975 0.269439 0.043400 0.043400
0 0.134087 0.422242 0.037975 0.045208
0 0.104250 0.468354 0.032550 0.039783
0 0.041863 0.450271 0.048825 0.043400
0 0.219530 0.292948 0.035262 0.047016
0 0.317857 0.160940 0.031193 0.043400
0 0.335488 0.124774 0.036618 0.050633
0 0.623689 0.043400 0.021700 0.032550
0 0.666410 0.200723 0.031193 0.036166
0 0.700316 0.270344 0.028481 0.056058
0 0.551130 0.547016 0.039331 0.048825
0 0.576221 0.596745 0.035262 0.057866
0 0.439919 0.650090 0.042043 0.052441
0 0.483996 0.760398 0.043400 0.056058
0 0.764060 0.361664 0.036618 0.054250
0 0.831872 0.237794 0.033906 0.048825
0 0.952577 0.326401 0.044756 0.056058
0 0.975633 0.423146 0.036618 0.061483