0 0.339557 0.292948 0.036618 0.050633
0 0.115778 0.367993 0.042043 0.059675
0 0.606736 0.082278 0.023056 0.045208
0 0.883409 0.201627 0.014919 0.030741
0 0.959358 0.198011 0.025769 0.041591
0 0.902396 0.252260 0.025769 0.041591
0 0.849503 0.269439 0.025769 0.032550
0 0.886121 0.323689 0.025769 0.050633
0 0.953255 0.396926 0.024412 0.045208
0 0.840687 0.525316 0.027125 0.048825
0 0.753888 0.339964 0.024412 0.036166
0 0.696248 0.487342 0.023056 0.056058
0 0.824412 0.583183 0.032550 0.048825
0 0.941727 0.607595 0.036618 0.050633
0 0.880018 0.658228 0.021700 0.054250
0 0.554521 0.633816 0.040687 0.052441
0 0.494168 0.545208 0.039331 0.056058
0 0.449412 0.502712 0.028481 0.047016
0 0.423644 0.815552 0.039331 0.061483
0 0.538924 0.865280 0.042043 0.048825