0 0.162568 0.326401 0.032550 0.048825
0 0.386347 0.279385 0.032550 0.030741
0 0.328029 0.480108 0.035262 0.052441
0 0.280561 0.501808 0.037975 0.037975
0 0.189693 0.504521 0.035262 0.039783
0 0.545027 0.318264 0.018987 0.025316
0 0.564014 0.285714 0.027125 0.039783
0 0.671157 0.284810 0.018987 0.030741
0 0.909855 0.166365 0.024412 0.036166
0 0.727441 0.393309 0.031193 0.041591
0 0.511799 0.424955 0.044756 0.050633
0 0.410759 0.603074 0.043400 0.063291
0 0.450769 0.735081 0.033906 0.045208
0 0.683363 0.581374 0.040687 0.041591
0 0.700995 0.647378 0.035262 0.068716
0 0.988156 0.613020 0.023688 0.072333
0 0.475181 0.863472 0.044756 0.052441